Time	Voltage
1684761551034597	9.980180500628194
1684761551048651	9.980180500628194
1684761551052568	9.945933333510766
1684761551055567	9.916855550109176
1684761551060685	9.98890383564867
1684761551064442	9.966287781891879
1684761551067990	9.979857414145954
1684761551070567	9.99181161398883
1684761551075565	9.987934576201951
1684761551078568	10.002473467902746
1684761551082026	9.972103338572197
1684761551085568	9.972749511536676
1684761551089582	9.99051926805987
1684761551093568	9.988580749166431
1684761551097709	9.99213470047107
1684761551100568	9.981795933039393
1684761551104708	9.987934576201951
1684761551107909	9.978565068216994
1684761551111568	9.979534327663714
1684761551114652	9.99084235454211
1684761551118566	9.988257662684191
1684761551121568	9.987611489719711
1684761551125568	9.985026797861792
1684761551129845	9.979857414145954
1684761551132566	9.98922692213091
1684761551136876	9.985996057308512
1684761551140568	9.986965316755231
1684761551144968	9.966933954856358
1684761551148829	9.978241981734755
1684761551152611	9.976303462841315
1684761551157048	9.99148852750659
1684761551160745	9.982765192486113
1684761551164354	9.917501723073656
1684761551168264	9.99310395991779
1684761551172048	9.769205027725548
1684761551176485	9.941733209241647
1684761551180313	9.986965316755231
1684761551184044	9.988580749166431
1684761551187822	9.99019618157763
1684761551192042	9.978565068216994
1684761551195732	9.99084235454211
1684761551199262	9.996334824740188
1684761551202469	9.979534327663714
1684761551207105	9.889393199118786
1684761551211046	9.988257662684191
1684761551214207	9.954010495566763
1684761551218098	9.981795933039393
1684761551221144	9.96305691706948
1684761551225044	9.978565068216994
1684761551229064	9.977595808770275
1684761551232042	9.972426425054437
1684761551235194	9.955949014460202
1684761551239116	9.972749511536676
1684761551243198	9.972426425054437
1684761551247044	9.96014913872932
1684761551250046	9.976303462841315
1684761551253954	9.948841111850925
1684761551257618	9.978565068216994
1684761551261476	9.96370309003396
1684761551265146	9.956595187424682
1684761551268864	9.957887533353642
1684761551272478	9.957564446871402
1684761551276670	9.96434926299844
1684761551280476	9.957564446871402
1684761551284249	9.93624073904357
1684761551287475	9.959502965764841
1684761551291904	9.954333582049003
1684761551299480	9.926548144576373
1684761551307506	9.930102095881011
1684761551313477	9.752404530649073
1684761551318474	9.93397913366789
1684761551323477	9.899408880068222
1684761551332044	9.913301598804537
1684761551336472	9.921055674378294
1684761551341478	9.899731966550462
1684761551345477	9.880023691133829
1684761551349673	9.914270858251257
1684761551353675	9.873885047971271
1684761551357558	9.913624685286777
1684761551361574	9.892624063941184
1684761551365594	9.798928984091617
1684761551369563	9.869038750737673
1684761551373473	9.864192453504074
1684761551376976	9.870654183148872
1684761551380792	9.869361837219913
1684761551384477	9.850945907732239
1684761551388476	9.858699983305996
1684761551392483	9.864192453504074
1684761551396476	9.853853686072398
1684761551399522	9.869684923702152
1684761551403513	9.825745162117528
1684761551407476	9.82154503784841
1684761551410876	9.824775902670808
1684761551414573	9.779543795157224
1684761551417696	9.831883805280086
1684761551421476	9.81831417302601
1684761551424664	9.81799108654377
1684761551428732	9.82025269191945
1684761551431659	9.78923638962442
1684761551435477	9.833499237691285
1684761551439110	9.826714421564247
1684761551442475	9.773728238476906
1684761551446476	9.776312930334825
1684761551449476	9.779220708674984
1684761551453866	9.771143546618987
1684761551457413	9.756927741400432
1684761551460730	9.782774659979623
1684761551464244	9.767266508832108
1684761551467706	9.770174287172267
1684761551471101	9.784713178873062
1684761551474386	9.721065141871804
1684761551477909	9.770497373654507
1684761551481401	9.76048169270507
1684761551484826	9.70361847183085
1684761551488248	9.699095261079492
1684761551491951	9.700710693490691
1684761551495602	9.700710693490691
1684761551499144	9.729465390410041
1684761551502593	9.70717242313549
1684761551506383	9.718157363531645
1684761551509384	9.73140390930348
1684761551513858	9.70523390424205
1684761551517385	9.727849957998842
1684761551520386	9.716865017602686
1684761551524385	9.665817353408784
1684761551527887	9.67421760194702
1684761551531383	9.681648591038538
1684761551535102	9.660324883210706
1684761551538386	9.683910196414217
1684761551542384	9.64643216447439
1684761551545906	9.664848093962064
1684761551549557	9.670986737124622
1684761551553064	9.666140439891024
1684761551557488	9.670663650642382
1684761551561416	9.64933994281455
1684761551565013	9.626077716093278
1684761551568215	9.622846851270879
1684761551572392	9.625108456646558
1684761551576406	9.62155450534192
1684761551579982	9.629308580915676
1684761551583440	9.546275354980025
1684761551586580	9.613477343285922
1684761551590698	9.623169937753119
1684761551594224	9.621877591824159
1684761551597216	9.611861910874723
1684761551600214	9.62090833237744
1684761551604746	9.56210659260978
1684761551608262	9.578260916721774
1684761551612216	9.551767825178104
1684761551615213	9.56404511150322
1684761551618215	9.580199435615214
1684761551622384	9.5039510258066
1684761551626215	9.517197571578436
1684761551629894	9.555967949447222
1684761551633448	9.56081424668082
1684761551636215	9.518489917507395
1684761551640216	9.555967949447222
1684761551644213	9.516228312131716
1684761551647215	9.53141337679699
1684761551651217	9.526890166045632
1684761551654157	9.5055664582178
1684761551658448	9.530121030868031
1684761551662385	9.491027566517005
1684761551665166	9.50427411228884
1684761551669168	9.53141337679699
1684761551672168	9.515259052684996
1684761551675274	9.520428436400834
1684761551678166	9.53109029031475
1684761551682168	9.438041383429663
1684761551685168	9.44870323734358
1684761551689170	9.466796080349013
1684761551692203	9.466796080349013
1684761551696168	9.442241507698782
1684761551699166	9.470026945171412
1684761551703525	9.442241507698782
1684761551707166	9.464857561455574
1684761551710369	9.47681176129845
1684761551713764	9.440302988805342
1684761551716921	9.463242129044374
1684761551720788	9.47519632888725
1684761551724168	9.350808033224894
1684761551727961	9.425117924140068
1684761551731428	9.422210145799909
1684761551734883	9.411548291885993
1684761551738552	9.428348788962467
1684761551741780	9.395717054256238
1684761551745124	9.366316184372408
1684761551748168	9.425764097104548
1684761551752165	9.415102243190631
1684761551755198	9.395070881291758
1684761551759718	9.426733356551267
1684761551763414	9.368577789748088
1684761551767167	9.370839395123767
1684761551771168	9.353392725082813
1684761551775168	9.338207660417538
1684761551778662	9.376654951804085
1684761551782164	9.36373149251449
1684761551785167	9.345315563026816
1684761551789167	9.371162481606007
1684761551792167	9.338207660417538
1684761551796202	9.350484946742654
1684761551799282	9.372131741052726
1684761551803230	8.785406689305091
1684761551807165	9.313006914802827
1684761551810551	9.318822471483145
1684761551814248	9.292006293457234
1684761551817168	9.320437903894344
1684761551821168	9.312360741838347
1684761551824168	9.319791730929865
1684761551828395	9.316560866107466
1684761551831855	9.318499385000905
1684761551835167	9.314945433696266
1684761551838596	9.318176298518665
1684761551841712	9.291037034010515
1684761551845480	9.249681964283809
1684761551849167	9.2739134504518
1684761551852168	9.252589742623968
1684761551856186	9.259374558751006
1684761551859593	9.278759747685399
1684761551863168	9.258728385786526
1684761551866863	9.24548184001469
1684761551870175	9.27649814230972
1684761551873461	9.268420980253723
1684761551876324	9.258405299304286
1684761551879166	9.275528882863
1684761551883168	9.209619240486063
1684761551886189	9.18926479210495
1684761551889168	9.227388997009257
1684761551893168	9.200895905465586
1684761551897043	9.215757883648621
1684761551900168	9.228681342938216
1684761551903359	9.086846377234906
1684761551907167	9.200249732501106
1684761551910167	9.214142451237421
1684761551913167	9.204449856770225
1684761551917183	9.207034548628144
1684761551920168	9.214142451237421
1684761551924169	9.167294911312638
1684761551927168	9.157279230363201
1684761551931168	9.178279851708794
1684761551934398	9.169879603170557
1684761551938168	9.166002565383678
1684761551941166	9.157925403327681
1684761551945266	9.155986884434242
1684761551948584	9.16115626815008
1684761551951169	9.166971824830398
1684761551955168	9.168264170759358
1684761551958168	9.168910343723837
1684761551962168	9.139509473840008
1684761551965612	9.108816258027218
1684761551969168	9.110108603956178
1684761551972168	9.112370209331857
1684761551975168	9.07424600442755
1684761551979168	9.128201446961612
1684761551982168	9.123678236210253
1684761551985168	9.1013852689357
1684761551989168	9.116570333600976
1684761551993186	9.053245383081958
1684761551996168	9.10203144190018
1684761551999167	9.117862679529935
1684761552003650	9.080384647590108
1684761552007253	9.053891556046437
1684761552010164	9.071338226087391
1684761552014169	9.034183280629804
1684761552017168	9.034183280629804
1684761552021224	9.070368966640672
1684761552024640	9.015121178177651
1684761552027856	9.039029577863403
1684761552031246	9.036767972487723
1684761552035306	9.041614269721322
1684761552038757	9.04775291288388
1684761552042534	9.011890313355252
1684761552045791	8.907533379591769
1684761552049220	9.009951794461813
1684761552052734	8.993474383867579
1684761552056204	8.96148882212583
1684761552059167	9.026429205056047
1684761552063497	9.006720929639414
1684761552066738	8.986043394776061
1684761552070367	8.994766729796538
1684761552073631	8.976027713826625
1684761552077164	8.99056660552742
1684761552080491	8.993151297385339
1684761552083776	8.90365634180489
1684761552087168	8.977643146237824
1684761552090444	8.979581665131263
1684761552093640	8.92982634686632
1684761552097168	8.982166356989183
1684761552100681	8.981520184024703
1684761552103531	8.951150054694153
1684761552107168	8.93467264409992
1684761552110708	8.950180795247434
1684761552114169	8.955996351927752
1684761552117167	8.512721698294627
1684761552120447	8.940165114297997
1684761552124168	8.93144177927752
1684761552127884	8.942749806155916
1684761552131168	8.941457460226957
1684761552134175	8.938549681886798
1684761552138165	8.952765487105353
1684761552141538	8.915287455165526
1684761552144168	8.893640660855453
1684761552148349	8.898810044571292
1684761552151809	8.853901023539947
1684761552155272	8.842592996661551
1684761552158586	8.90204090939369
1684761552162064	8.852931764093228
1684761552165348	8.839039045356913
1684761552168790	8.897194612160092
1684761552172694	8.860685839666985
1684761552176400	8.892994487890974
1684761552180100	8.90171782291145
1684761552183542	8.808345829544123
1684761552187213	8.842916083143791
1684761552190321	8.833869661641074
1684761552194168	8.840977564250352
1684761552197167	8.84550077500171
1684761552200668	8.849377812788589
1684761552204270	8.81577681863564
1684761552207336	8.84517768851947
1684761552211168	8.835162007570034
1684761552214782	8.783468170411652
1684761552218295	8.850023985753069
1684761552221701	8.78928372709197
1684761552225168	8.73403593862895
1684761552228174	8.78799138116301
1684761552232298	8.78896064060973
1684761552235221	8.792514591914369
1684761552239166	8.78702212171629
1684761552242639	8.728866554913111
1684761552246168	8.777329527249094
1684761552249510	8.782498910964932
1684761552253220	8.751805695152143
1684761552256824	8.684926793328486
1684761552260746	8.794453110807808
1684761552264458	8.728220381948631
1684761552267693	8.73242050621775
1684761552271659	8.728866554913111
1684761552275748	8.722727911750553
1684761552279253	8.748251743847504
1684761552282760	8.70269654985168
1684761552286166	8.677818890719209
1684761552289439	8.73306667918223
1684761552292742	8.722404825268313
1684761552295935	8.727251122501912
1684761552299405	8.748574830329744
1684761552302791	8.650033453246579
1684761552306445	8.677818890719209
1684761552309878	8.686219139257446
1684761552313472	8.685249879810726
1684761552316952	8.681695928506088
1684761552320166	8.70237346336944
1684761552324167	8.696234820206882
1684761552328358	8.687188398704166
1684761552331164	8.679434323130408
1684761552334615	8.681695928506088
1684761552338460	8.70301963633392
1684761552341747	8.685249879810726
1684761552344914	8.625801967078587
1684761552348414	8.641633204708342
1684761552351167	8.638402339885943
1684761552354166	8.61804789150483
1684761552358167	8.639371599332662
1684761552361168	8.642602464155061
1684761552364770	8.641633204708342
1684761552368004	8.634848388581304
1684761552371453	8.642925550637301
1684761552387164	8.593493318854598
1684761552390977	8.58800084865652
1684761552394688	8.568292573239887
1684761552400164	8.602216653875075
1684761552404225	8.583477637905162
1684761552408324	8.580569859565003
1684761552412171	8.498828979558311
1684761552415216	8.555046027468052
1684761552419169	8.601570480910596
1684761552422240	8.574754302884685
1684761552426464	8.511752438847907
1684761552430167	8.542445654660696
1684761552434682	8.511429352365667
1684761552438168	8.538245530391578
1684761552442325	8.523060465726303
1684761552445446	8.494305768806953
1684761552449688	8.511106265883427
1684761552453178	8.50335219030967
1684761552456684	8.522091206279583
1684761552459866	8.524029725173023
1684761552463113	8.481059223035118
1684761552466712	8.493336509360233
1684761552470282	8.495598114735913
1684761552473482	8.478151444694959
1684761552476743	8.485905520268716
1684761552480225	8.486874779715436
1684761552483599	8.479443790623918
1684761552487099	8.462643293547444
1684761552490375	8.477505271730479
1684761552494247	8.454566131491447
1684761552497576	8.468781936710002
1684761552500773	8.463935639476404
1684761552504215	8.435827115521533
1684761552507840	8.427426866983296
1684761552511717	8.421288223820738
1684761552515116	8.41644192658714
1684761552518682	8.453273785562487
1684761552522318	8.377348462236114
1684761552525897	8.411272542871302
1684761552529787	8.422257483267458
1684761552533251	8.41482649417594
1684761552536764	8.400610688957386
1684761552539682	8.41547266714042
1684761552544076	8.356670927372761
1684761552547682	8.092063098418294
1684761552551682	8.383810191880912
1684761552555059	8.406749332119944
1684761552558680	8.400610688957386
1684761552562477	8.373148337966995
1684761552565824	8.33276252768701
1684761552569286	8.36119413812412
1684761552572727	8.251344734162558
1684761552575969	8.350532284210203
1684761552579508	8.364425002946518
1684761552582964	8.309823387447977
1684761552586017	8.314346598199336
1684761552589683	8.347301419387804
1684761552592681	8.33340870065149
1684761552596682	8.354732408479322
1684761552600752	8.334701046580449
1684761552604683	8.24746769637568
1684761552607683	8.314669684681576
1684761552611690	8.30497709021438
1684761552614682	8.296899928158382
1684761552618680	8.325331538595492
1684761552621860	8.327270057488931
1684761552624682	8.288822766102385
1684761552628684	8.310792646894697
1684761552631939	8.310146473930217
1684761552635431	8.322100673773093
1684761552638763	8.327593143971171
1684761552642320	8.27331461495487
1684761552646077	8.263298934005434
1684761552650200	8.27622239329503
1684761552653793	8.249406215269119
1684761552657496	8.277514739223989
1684761552661192	8.260391155665275
1684761552664846	8.256837204360636
1684761552668422	8.254898685467197
1684761552671742	8.226143988547847
1684761552675229	8.234544237086084
1684761552678766	8.262006588076474
1684761552682526	8.230990285781445
1684761552685786	8.206758799613453
1684761552689203	8.211605096847052
1684761552692448	8.210312750918092
1684761552695824	8.18866595660802
1684761552699260	8.229051766888006
1684761552702600	8.18672743771458
1684761552705760	8.166049902851228
1684761552709190	8.194158426806098
1684761552712742	8.201589415897615
1684761552716416	8.167988421744667
1684761552720501	8.203527934791055
1684761552723744	8.164111383957788
1684761552727423	8.168957681191387
1684761552730807	8.177681016211864
1684761552734328	8.113386806246126
1684761552737814	8.178004102694103
1684761552740745	7.755730070406571
1684761552745162	8.176065583800664
1684761552748162	8.16055743265315
1684761552751745	8.13212582221604
1684761552755744	8.143110762612196
1684761552759252	8.177034843247384
1684761552762743	8.118556189961964
1684761552766150	8.084955195809016
1684761552769539	8.114679152175086
1684761552772830	8.121463968302123
1684761552776300	8.121140881819883
1684761552780284	8.123402487195563
1684761552783742	8.105309644190129
1684761552787548	8.115002238657326
1684761552791009	8.117263844033005
1684761552794482	8.120171622373164
1684761552798223	8.13309508166276
1684761552801746	8.088832233595895
1684761552804745	7.904026765754679
1684761552808745	8.063631487981183
1684761552811744	8.028415061417036
1684761552815825	8.04650790442247
1684761552819172	8.083016676915577
1684761552821744	8.027122715488076
1684761552825746	7.999014191533206
1684761552828893	8.049092596280389
1684761552832746	7.972521099989535
1684761552835746	8.04392321256455
1684761552839747	8.04683099090471
1684761552843744	8.027445801970316
1684761552846745	8.011937650822802
1684761552849744	8.020337899361039
1684761552852744	7.998691105050966
1684761552856998	8.004183575249044
1684761552859744	8.024861110112397
1684761552862744	7.899503555003321
1684761552866745	7.9776904837053735
1684761552869744	7.993198634852888
1684761552873746	7.9860907322436105
1684761552877542	8.004506661731284
1684761552880746	7.996429499675287
1684761552885144	7.970905667578336
1684761552888745	7.999337278015446
1684761552891744	7.955074429948581
1684761552895746	7.966705543309217
1684761552898744	7.995460240228567
1684761552902746	7.971228754060576
1684761552905744	7.940212451765547
1684761552909746	7.942474057141226
1684761552913746	7.886580095713725
1684761552916746	7.944735662516905
1684761552920746	7.953782084019622
1684761552923750	7.8458711989514995
1684761552926744	7.949581959750503
1684761552930744	7.925673560064752
1684761552934746	7.921796522277873
1684761552937914	7.951520478643943
1684761552941867	7.92955059785163
1684761552945744	7.894980344251962
1684761552950982	7.850717496185098
1684761552956788	7.858794658241095
1684761552960744	7.897241949627642
1684761552964746	7.737637227401137
1684761552968590	7.871395031048451
1684761552971982	7.869456512155011
1684761552975578	7.8604100906522945
1684761552978763	7.879149106622208
1684761552982243	7.841994161164621
1684761552985744	7.84457885302254
1684761552989112	7.852332928596297
1684761552992536	7.823578231676947
1684761552996192	7.84554811246926
1684761552999771	7.8442557665403
1684761553003382	7.8058084751537535
1684761553006944	7.774145999894245
1684761553009927	7.853302188043017
1684761553013981	7.810654772387352
1684761553016963	7.836824777448783
1684761553020746	7.855240706936456
1684761553024300	7.789331064559519
1684761553027745	7.784484767325921
1684761553031209	7.806131561635993
1684761553034744	7.743775870563695
1684761553037800	7.802254523849115
1684761553042004	7.8003160049556755
1684761553045744	7.768976616178406
1684761553049517	7.7883618051128
1684761553053451	7.722129076253623
1684761553057018	7.800639091437915
1684761553060756	7.7883618051128
1684761553064571	7.719544384395704
1684761553068440	7.746360562421614
1684761553072262	7.712113395304186
1684761553075336	7.661711904074764
1684761553079261	7.743452784081455
1684761553082259	7.696282157674432
1684761553086644	7.732144757203059
1684761553090260	7.746037475939374
1684761553093258	7.707913271035068
1684761553096916	7.743452784081455
1684761553100530	7.746037475939374
1684761553104478	7.653311655536527
1684761553108224	7.690143514511874
1684761553111616	7.698543763050111
1684761553115259	7.659773385181325
1684761553120261	7.684651044313796
1684761553125348	7.648142271820689
1684761553128788	7.669142893166281
1684761553132292	7.649111531267408
1684761553135288	7.660419558145804
1684761553139259	7.6743122768821195
1684761553142260	7.652665482572047
1684761553145908	7.609048807469662
1684761553149260	7.633926466602134
1684761553152256	7.64458832051605
1684761553156010	7.663650422968203
1684761553159338	7.6484653583029285
1684761553162611	7.603233250789344
1684761553165258	7.58610966723063
1684761553169259	7.629080169368535
1684761553172456	7.619387574901339
1684761553176260	7.613895104703261
1684761553179407	7.631987947708694
1684761553182258	7.576740159245674
1684761553186259	7.5825557159259915
1684761553190258	7.5941868292866275
1684761553193696	7.595479175215587
1684761553197616	7.590309791499749
1684761553200258	7.599356213002466
1684761553204260	7.567047564778477
1684761553208280	7.572863121458795
1684761553211260	7.553477932524402
1684761553214260	7.579971024068072
1684761553218285	7.569632256636396
1684761553221258	7.551862500113202
1684761553224675	7.52892335987417
1684761553228670	7.550893240666483
1684761553231258	7.53086187876761
1684761553235260	7.520523111335933
1684761553238687	7.554770278453361
1684761553242260	7.552831759559922
1684761553246261	7.537323608412407
1684761553249259	7.552831759559922
1684761553252258	7.540554473234806
1684761553256260	7.542816078610485
1684761553260260	7.538292867859127
1684761553263259	7.523430889676092
1684761553266660	7.525046322087292
1684761553270459	7.537323608412407
1684761553273286	7.47302939844667
1684761553277261	7.463336803979473
1684761553280778	7.537969781376887
1684761553284144	7.497260884614661
1684761553287744	7.520200024853693
1684761553291257	7.519876938371453
1684761553294270	7.448474825796438
1684761553297259	7.506307306117378
1684761553300258	7.503076441294979
1684761553304577	7.488860636076424
1684761553308259	7.492091500898823
1684761553312287	7.50178409536602
1684761553315858	7.493383846827783
1684761553319528	7.508891997975297
1684761553323280	7.4681831012130715
1684761553327832	7.484014338842826
1684761553331258	7.481106560502667
1684761553335418	7.454613468958996
1684761553338337	7.502753354812739
1684761553342698	7.4710908795532305
1684761553346260	7.462690631014993
1684761553349260	7.490799154969864
1684761553353260	7.47302939844667
1684761553356260	7.5024302683304995
1684761553360468	7.494353106274502
1684761553363302	7.463659890461713
1684761553367259	7.4681831012130715
1684761553371262	7.485629771254025
1684761553374558	7.448474825796438
1684761553378259	7.491768414416583
1684761553381704	7.467536928248592
1684761553385261	7.478198782162508
1684761553388694	7.495322365721222
1684761553392270	7.457521247299155
1684761553395259	7.427151117968606
1684761553398420	7.480783474020427
1684761553402261	7.4710908795532305
1684761553405257	7.487245203665225
1684761553408258	7.478521868644748
1684761553412260	7.488537549594184
1684761553415942	7.486599030700745
1684761553419577	7.496614711650182
1684761553423267	7.452998036547797
1684761553426877	7.491768414416583
1684761553430610	7.484014338842826
1684761553434259	7.486275944218505
1684761553437901	7.496614711650182
1684761553441260	7.477552609198028
1684761553445258	7.480137301055947
1684761553448540	7.492737673863303
1684761553451855	7.480783474020427
1684761553455369	7.47270631196443
1684761553458773	7.498876317025861
1684761553462375	7.476583349751309
1684761553465743	7.478521868644748
1684761553469204	7.478521868644748
1684761553472837	7.483045079396106
1684761553475376	7.483368165878346
1684761553479378	7.491768414416583
1684761553483434	7.466244582319632
1684761553486846	7.475614090304589
1684761553490116	7.479168041609228
1684761553493535	7.481106560502667
1684761553496376	7.479814214573707
1684761553500379	7.491445327934343
1684761553504128	7.453321123030037
1684761553507438	7.478198782162508
1684761553510970	7.486275944218505
1684761553514377	7.47173705251771
1684761553517626	7.4853066847717855
1684761553521376	7.489183722558664
1684761553524376	7.457198160816915
1684761553527574	7.486599030700745
1684761553530376	7.494676192756742
1684761553534378	7.463982976943953
1684761553538378	7.49984557647258
1684761553541393	7.459136679710355
1684761553544375	7.4710908795532305
1684761553548378	7.4911222414521035
1684761553551514	7.493706933310023
1684761553554376	7.470767793070991
1684761553558608	7.491768414416583
1684761553561680	7.481106560502667
1684761553565379	7.4710908795532305
1684761553568375	7.480783474020427
1684761553572378	7.494676192756742
1684761553575669	7.477552609198028
1684761553579151	7.484983598289546
1684761553582620	7.474967917340109
1684761553585963	7.454936555441236
1684761553589379	7.484014338842826
1684761553593812	7.5008148359193
1684761553597377	7.483368165878346
1684761553600987	7.490152982005384
1684761553604796	7.477875695680268
1684761553608419	7.481429646984907
1684761553611905	7.44265926911612
1684761553615376	7.490476068487624
1684761553618908	7.496291625167942
1684761553622387	7.450090258207638
1684761553625448	7.4594597661925945
1684761553629412	7.50210718184826
1684761553632398	7.474321744375629
1684761553635772	7.456228901370196
1684761553639378	7.492737673863303
1684761553642629	7.50146100888378
1684761553646378	7.4794911280914675
1684761553649376	7.497583971096901
1684761553653380	7.484983598289546
1684761553657671	7.505984219635138
1684761553661379	7.468829274177551
1684761553664376	7.4794911280914675
1684761553668378	7.503399527777219
1684761553672022	7.461075198603794
1684761553675376	7.4823989064316265
1684761553678376	7.508568911493057
1684761553682441	7.4433054420806
1684761553686422	7.490476068487624
1684761553690378	7.488537549594184
1684761553693950	7.47173705251771
1684761553697378	7.50178409536602
1684761553701378	7.492091500898823
1684761553705412	7.47206013899995
1684761553709744	7.511476689833216
1684761553713391	7.484983598289546
1684761553716738	7.478521868644748
1684761553719945	7.511799776315456
1684761553723443	7.50146100888378
1684761553726677	7.503722614259459
1684761553729376	7.4940300197922625
1684761553733564	7.4940300197922625
1684761553736376	7.50049174943706
1684761553740379	7.505661133152898
1684761553743717	7.50178409536602
1684761553747666	7.502753354812739
1684761553751378	7.47173705251771
1684761553754376	7.494353106274502
1684761553758474	7.513738295208896
1684761553761891	7.4911222414521035
1684761553765210	7.483045079396106
1684761553769018	7.495968538685702
1684761553772611	7.509861257422017
1684761553776377	7.482075819949387
1684761553779378	7.505661133152898
1684761553783377	7.482721992913866
1684761553786377	7.481106560502667
1684761553789376	7.510507430386497
1684761553793377	7.505661133152898
1684761553796377	7.495645452203462
1684761553800455	7.512445949279936
1684761553803387	7.406150496623013
1684761553806619	7.5024302683304995
1684761553810440	7.497583971096901
1684761553813814	7.467860014730832
1684761553817378	7.497260884614661
1684761553820810	7.493060760345543
1684761553824260	7.488537549594184
1684761553827661	7.512122862797696
1684761553830376	7.503399527777219
1684761553834378	7.487568290147465
1684761553837532	7.510507430386497
1684761553840376	7.50113792240154
1684761553844604	7.457844333781395
1684761553847720	7.4969377981324214
1684761553851155	7.5053380466706585
1684761553854637	7.454613468958996
1684761553858234	7.496291625167942
1684761553861528	7.490799154969864
1684761553864778	7.495645452203462
1684761553868376	7.504691873706179
1684761553872474	7.353487400017912
1684761553875762	7.495645452203462
1684761553879378	7.505661133152898
1684761553882818	7.462690631014993
1684761553886623	7.4882144631119445
1684761553889529	7.513415208726656
1684761553893378	7.47367557141115
1684761553897375	7.516322987066815
1684761553900420	7.498553230543621
1684761553904626	7.474644830857869
1684761553908378	7.5140613816911355
1684761553911748	7.476583349751309
1684761553915141	7.457844333781395
1684761553918626	7.507599652046338
1684761553921378	7.479814214573707
1684761553925377	7.3479949298198335
1684761553928376	7.498230144061381
1684761553932375	7.4969377981324214
1684761553935689	7.493706933310023
1684761553938376	7.503076441294979
1684761553942377	7.493706933310023
1684761553945944	7.512122862797696
1684761553949552	7.50016866295482
1684761553952794	7.513415208726656
1684761553956378	7.5024302683304995
1684761553959376	7.521169284300413
1684761553963496	7.487891376629705
1684761553967378	7.518907678924734
1684761553970377	7.503722614259459
1684761553974454	7.475614090304589
1684761553977707	7.503399527777219
1684761553981379	7.493383846827783
1684761553984376	7.491445327934343
1684761553987376	7.509215084457537
1684761553991378	7.455259641923476
1684761553994506	7.456228901370196
1684761553998746	7.523430889676092
1684761554002378	7.4739986578933895
1684761554006430	7.5082458250108175
1684761554010043	7.520200024853693
1684761554013377	7.474967917340109
1684761554017379	7.517292246513534
1684761554020471	7.47173705251771
1684761554024764	7.480783474020427
1684761554028394	7.505984219635138
1684761554031376	7.5224616302293725
1684761554035378	7.50016866295482
1684761554038823	7.505014960188419
1684761554042676	7.506630392599618
1684761554046379	7.503722614259459
1684761554049379	7.512122862797696
1684761554053433	7.490476068487624
1684761554056896	7.504045700741699
1684761554061042	7.495645452203462
1684761554064602	7.377395799703663
1684761554068077	7.505014960188419
1684761554071463	7.496614711650182
1684761554074897	7.488860636076424
1684761554078474	7.523753976158332
1684761554081806	7.520200024853693
1684761554084896	7.50049174943706
1684761554088658	7.510184343904257
1684761554092103	7.524400149122812
1684761554094981	7.49984557647258
1684761554098967	7.505661133152898
1684761554102897	7.4823989064316265
1684761554106894	7.519230765406974
1684761554110620	7.509538170939777
1684761554113998	7.481429646984907
1684761554117629	7.518907678924734
1684761554121143	7.460105939157074
1684761554124671	7.4794911280914675
1684761554128101	7.4911222414521035
1684761554131636	7.520846197818173
1684761554134897	7.502753354812739
1684761554138278	7.512122862797696
1684761554141898	7.490152982005384
1684761554144898	7.455905814887956
1684761554147896	7.518261505960254
1684761554151897	7.498553230543621
1684761554154897	7.484014338842826
1684761554158897	7.526338668016251
1684761554161896	7.515353727620095
1684761554165546	7.504368787223939
1684761554169488	7.526661754498491
1684761554173916	7.481429646984907
1684761554176896	7.511799776315456
1684761554180897	7.50210718184826
1684761554184234	7.493060760345543
1684761554187898	7.52956953283865
1684761554190896	7.520200024853693
1684761554194898	7.511799776315456
1684761554198007	7.533769657107769
1684761554200895	7.5224616302293725
1684761554204895	7.53053879228537
1684761554208898	7.512122862797696
1684761554211895	7.454290382476756
1684761554215896	7.496291625167942
1684761554218895	7.513415208726656
1684761554222897	7.451382604136597
1684761554226604	7.476583349751309
1684761554230084	7.513415208726656
1684761554233454	7.52989261932089
1684761554236897	7.526015581534011
1684761554240098	7.5169691600312945
1684761554243641	7.513092122244416
1684761554247428	7.506630392599618
1684761554250896	7.5253694085695315
1684761554254396	7.514707554655615
1684761554257894	7.5224616302293725
1684761554260896	7.5082458250108175
1684761554265148	7.517615332995774
1684761554268898	7.507276565564098
1684761554271894	7.495645452203462
1684761554275896	7.5082458250108175
1684761554279604	7.518907678924734
1684761554282894	7.515030641137855
1684761554286896	7.526015581534011
1684761554290898	7.521492370782653
1684761554293898	7.515030641137855
1684761554297110	7.514707554655615
1684761554300897	7.490476068487624
1684761554304897	7.504045700741699
1684761554307894	7.526661754498491
1684761554310895	7.485952857736265
1684761554314896	7.451382604136597
1684761554318070	7.5195538518892135
1684761554322295	7.458813593228115
1684761554326896	7.497260884614661
1684761554330394	7.52956953283865
1684761554333906	7.50210718184826
1684761554336944	7.531508051732089
1684761554341208	7.494999279238982
1684761554344943	7.461721371568274
1684761554348712	7.509538170939777
1684761554352548	7.508891997975297
1684761554355994	7.526338668016251
1684761554360136	7.513092122244416
1684761554363703	7.522784716711612
1684761554367161	7.5169691600312945
1684761554370898	7.52892335987417
1684761554374566	7.518907678924734
1684761554378103	7.5340927435900085
1684761554381611	7.50146100888378
1684761554385342	7.511476689833216
1684761554388897	7.5311849652498495
1684761554391895	7.498553230543621
1684761554395957	7.491445327934343
1684761554399243	7.532477311178809
1684761554403207	7.524077062640572
1684761554406896	7.522784716711612
1684761554410112	7.527631013945211
1684761554412896	7.50210718184826
1684761554416441	7.524077062640572
1684761554419897	7.526015581534011
1684761554422895	7.488860636076424
1684761554426898	7.507922738528578
1684761554430039	7.517938419478014
1684761554433988	7.506953479081858
1684761554436895	7.531508051732089
1684761554440896	7.53053879228537
1684761554443907	7.502753354812739
1684761554446895	7.509538170939777
1684761554450898	7.517938419478014
1684761554454060	7.523753976158332
1684761554457897	7.5282771869096905
1684761554460896	7.486275944218505
1684761554464896	7.52989261932089
1684761554467896	7.53086187876761
1684761554471897	7.495645452203462
1684761554475294	7.508891997975297
1684761554479046	7.532800397661049
1684761554483201	7.495968538685702
1684761554486752	7.508568911493057
1684761554489986	7.5253694085695315
1684761554493351	7.499199403508101
1684761554496961	7.504368787223939
1684761554500271	7.527954100427451
1684761554503940	7.505014960188419
1684761554507477	7.505661133152898
1684761554510895	7.53021570580313
1684761554514324	7.479814214573707
1684761554518018	7.531508051732089
1684761554521646	7.487891376629705
1684761554525242	7.502753354812739
1684761554528898	7.520846197818173
1684761554531958	7.489506809040904
1684761554536029	7.517292246513534
1684761554538974	7.53086187876761
1684761554542897	7.479168041609228
1684761554545896	7.4940300197922625
1684761554549128	7.527631013945211
1684761554552898	7.507922738528578
1684761554556123	7.533446570625529
1684761554560012	7.511476689833216
1684761554563898	7.5008148359193
1684761554566895	7.512122862797696
1684761554570897	7.5169691600312945
1684761554573895	7.4969377981324214
1684761554577897	7.513738295208896
1684761554580895	7.490476068487624
1684761554583895	7.499199403508101
1684761554588065	7.52989261932089
1684761554591541	7.520200024853693
1684761554595024	7.507599652046338
1684761554598022	7.524077062640572
1684761554602043	7.525046322087292
1684761554605897	7.487891376629705
1684761554609569	7.53053879228537
1684761554612896	7.533123484143289
1684761554616056	7.524723235605052
1684761554619662	7.533123484143289
1684761554622917	7.470444706588751
1684761554626897	7.509538170939777
1684761554629897	7.52924644635641
1684761554633650	7.504691873706179
1684761554636897	7.533769657107769
1684761554640703	7.522784716711612
1684761554643898	7.491445327934343
1684761554647410	7.526338668016251
1684761554650740	7.535385089518968
1684761554653956	7.523753976158332
1684761554656898	7.53086187876761
1684761554660080	7.515353727620095
1684761554663897	7.4623675445327535
1684761554667430	7.480137301055947
1684761554671064	7.517938419478014
1684761554674051	7.44265926911612
1684761554678108	7.522138543747133
1684761554681026	7.4995224899903405
1684761554683895	7.47141396603547
1684761554687897	7.5140613816911355
1684761554691922	7.487245203665225
1684761554695668	7.452998036547797
1684761554698894	7.532800397661049
1684761554703390	7.488860636076424
1684761554707180	7.494676192756742
1684761554710274	7.522138543747133
1684761554714008	7.5111536033509765
1684761554717899	7.521492370782653
1684761554721607	7.510184343904257
1684761554724896	7.505984219635138
1684761554728700	7.5253694085695315
1684761554731897	7.509215084457537
1684761554735912	7.507599652046338
1684761554739650	7.520846197818173
1684761554743461	7.517938419478014
1684761554746897	7.533123484143289
1684761554750897	7.532154224696569
1684761554753896	7.474967917340109
1684761554757331	7.53021570580313
1684761554760896	7.519230765406974
1684761554763895	7.489829895523144
1684761554767898	7.514384468173375
1684761554770896	7.53086187876761
1684761554773895	7.474967917340109
1684761554778453	7.537323608412407
1684761554782211	7.493383846827783
1684761554785582	7.498876317025861
1684761554788896	7.522138543747133
1684761554792229	7.4339359340956435
1684761554794896	7.498876317025861
1684761554798900	7.526338668016251
1684761554801895	7.493706933310023
1684761554805897	7.515999900584575
1684761554808896	7.5311849652498495
1684761554812912	7.524400149122812
1684761554816092	7.463336803979473
1684761554819898	7.53021570580313
1684761554823354	7.523753976158332
1684761554825895	7.524400149122812
1684761554830078	7.52892335987417
1684761554833898	7.524400149122812
1684761554836895	7.5340927435900085
1684761554840898	7.518907678924734
1684761554843951	7.489829895523144
1684761554847827	7.534415830072248
1684761554851144	7.535708176001208
1684761554854621	7.507599652046338
1684761554858486	7.522784716711612
1684761554862412	7.518261505960254
1684761554866412	7.515999900584575
1684761554869907	7.5253694085695315
1684761554873821	7.524077062640572
1684761554877408	7.527954100427451
1684761554880884	7.522138543747133
1684761554884412	7.5140613816911355
1684761554887866	7.52860027339193
1684761554891576	7.498876317025861
1684761554895410	7.524400149122812
1684761554898885	7.52989261932089
1684761554902410	7.513415208726656
1684761554905410	7.525692495051771
1684761554909411	7.524723235605052
1684761554913412	7.400981112907175
1684761554916684	7.5253694085695315
1684761554920414	7.522784716711612
1684761554924414	7.4794911280914675
1684761554927496	7.539908300270326
1684761554931412	7.474644830857869
1684761554935411	7.5008148359193
1684761554938411	7.525692495051771
1684761554941411	7.540877559717046
1684761554945412	7.5340927435900085
1684761554948410	7.526015581534011
1684761554952410	7.489829895523144
1684761554955412	7.5224616302293725
1684761554958410	7.541523732681526
1684761554962436	7.512445949279936
1684761554965412	7.5111536033509765
1684761554968410	7.520523111335933
1684761554972413	7.534415830072248
1684761554975413	7.527631013945211
1684761554979566	7.541523732681526
1684761554982410	7.490799154969864
1684761554986412	7.533769657107769
1684761554989410	7.5340927435900085
1684761554993410	7.309224551951047
1684761554996410	7.538939040823607
1684761555000412	7.525046322087292
1684761555004240	7.532477311178809
1684761555007412	7.52956953283865
1684761555011653	7.517292246513534
1684761555015412	7.524400149122812
1684761555018728	7.537646694894647
1684761555022286	7.482721992913866
1684761555025686	7.5340927435900085
1684761555029412	7.523107803193852
1684761555033946	7.5282771869096905
1684761555037678	7.525692495051771
1684761555041412	7.5311849652498495
1684761555044411	7.505984219635138
1684761555048155	7.534738916554488
1684761555051572	7.532477311178809
1684761555054941	7.515030641137855
1684761555058526	7.5282771869096905
1684761555062194	7.523430889676092
1684761555065926	7.5311849652498495
1684761555069407	7.544754597503925
1684761555072732	7.517292246513534
1684761555076554	7.535385089518968
1684761555079925	7.546693116397364
1684761555084163	7.517615332995774
1684761555087926	7.526338668016251
1684761555092520	7.5311849652498495
1684761555095928	7.519230765406974
1684761555099927	7.533446570625529
1684761555103926	7.485629771254025
1684761555107192	7.545077683986165
1684761555110942	7.524077062640572
1684761555113926	7.507276565564098
1684761555118080	7.539262127305847
1684761555121953	7.496614711650182
1684761555127021	7.536031262483448
1684761555131471	7.526015581534011
1684761555135428	7.519876938371453
1684761555139398	7.533123484143289
1684761555143929	7.492091500898823
1684761555146927	7.526338668016251
1684761555151927	7.521492370782653
1684761555155936	7.5282771869096905
1684761555160455	7.526984840980731
1684761555164455	7.513092122244416
1684761555169473	7.543785338057205
1684761555172454	7.535385089518968
1684761555177456	7.544108424539445
1684761555180664	7.495322365721222
1684761555184455	7.5424929921282455
1684761555187688	7.5253694085695315
1684761555191454	7.527307927462971
1684761555194454	7.52860027339193
1684761555198456	7.544431511021685
1684761555201463	7.52989261932089
1684761555205074	7.488860636076424
1684761555208452	7.541200646199286
1684761555212198	7.502753354812739
1684761555215455	7.547339289361844
1684761555219454	7.540877559717046
1684761555223045	7.536677435447928
1684761555226455	7.525692495051771
1684761555229477	7.5454007704684045
1684761555233731	7.4995224899903405
1684761555237486	7.538292867859127
1684761555241730	7.5282771869096905
1684761555245605	7.481429646984907
1684761555249674	7.527954100427451
1684761555253296	7.497260884614661
1684761555257206	7.5224616302293725
1684761555260925	7.516322987066815
1684761555264636	7.515676814102335
1684761555267452	7.5424929921282455
1684761555271454	7.497907057579141
1684761555274454	7.537323608412407
1684761555278768	7.545723856950644
1684761555282609	7.485952857736265
1684761555285452	7.5253694085695315
1684761555288452	7.5253694085695315
1684761555292455	7.52924644635641
1684761555295724	7.520200024853693
1684761555298453	7.539908300270326
1684761555302451	7.492091500898823
1684761555305454	7.524723235605052
1684761555309098	7.533769657107769
1684761555312455	7.532154224696569
1684761555315455	7.2391147853049915
1684761555319746	7.545723856950644
1684761555323040	7.545077683986165
1684761555326453	7.539262127305847
1684761555330454	7.535385089518968
1684761555333652	7.518261505960254
1684761555337462	7.5370005219301675
1684761555341489	7.483691252360586
1684761555344454	7.511799776315456
1684761555347453	7.47173705251771
1684761555350455	7.4940300197922625
1684761555354761	7.544431511021685
1684761555357453	7.5512163271487225
1684761555362060	7.467213841766352
1684761555365594	7.522784716711612
1684761555368455	7.533123484143289
1684761555372706	7.494999279238982
1684761555376199	7.550893240666483
1684761555379651	7.53053879228537
1684761555383284	7.460429025639314
1684761555387452	7.526984840980731
1684761555391298	7.436520625953563
1684761555395453	7.515999900584575
1684761555399149	7.5483085488085635
1684761555402760	7.509538170939777
1684761555406454	7.520200024853693
1684761555409690	7.538939040823607
1684761555412452	7.541523732681526
1684761555416456	7.521169284300413
1684761555419453	7.53086187876761
1684761555422454	7.38708839417086
1684761555426456	7.502753354812739
1684761555429464	7.527631013945211
1684761555432452	7.516322987066815
1684761555436454	7.524077062640572
1684761555440452	7.544431511021685
1684761555443652	7.474967917340109
1684761555447537	7.539262127305847
1684761555450629	7.518584592442494
1684761555454455	7.50146100888378
1684761555457453	7.542169905646006
1684761555461452	7.5311849652498495
1684761555464854	7.534738916554488
1684761555468746	7.525046322087292
1684761555472453	7.536354348965688
1684761555475889	7.483368165878346
1684761555479508	7.535385089518968
1684761555483452	7.515999900584575
1684761555487508	7.544108424539445
1684761555491065	7.52860027339193
1684761555494674	7.511799776315456
1684761555498451	7.5424929921282455
1684761555501975	7.506307306117378
1684761555505714	7.526338668016251
1684761555509455	7.542169905646006
1684761555512866	7.522138543747133
1684761555516455	7.539262127305847
1684761555520455	7.535062003036728
1684761555523620	7.4339359340956435
1684761555527454	7.537323608412407
1684761555530854	7.517615332995774
1684761555534454	7.469475447142031
1684761555537455	7.52989261932089
1684761555541456	7.507922738528578
1684761555544454	7.481429646984907
1684761555547454	7.5395852137880865
1684761555551454	7.532800397661049
1684761555555455	7.517292246513534
1684761555558454	7.5395852137880865
1684761555563238	7.505661133152898
1684761555566454	7.535708176001208
1684761555570820	7.545077683986165
1684761555574455	7.484660511807306
1684761555578455	7.5311849652498495
1684761555581501	7.490152982005384
1684761555585468	7.53053879228537
1684761555588746	7.52989261932089
1684761555592144	7.491768414416583
1684761555595468	7.524077062640572
1684761555599216	7.547339289361844
1684761555603194	7.47270631196443
1684761555606451	7.53021570580313
1684761555610455	7.547985462326324
1684761555614080	7.508891997975297
1684761555617454	7.547339289361844
1684761555620962	7.546046943432884
1684761555624452	7.505984219635138
1684761555627646	7.524400149122812
1684761555630452	7.508568911493057
1684761555634455	7.52924644635641
1684761555637452	7.546693116397364
1684761555641453	7.498553230543621
1684761555644452	7.507276565564098
1684761555648453	7.523753976158332
1684761555651454	7.540877559717046
1684761555655455	7.544754597503925
1684761555658452	7.5282771869096905
1684761555662486	7.5053380466706585
1684761555666579	7.5195538518892135
1684761555670454	7.52892335987417
1684761555673722	7.542816078610485
1684761555677453	7.532477311178809
1684761555681457	7.523107803193852
1684761555684477	7.521169284300413
1684761555688868	7.526338668016251
1684761555692454	7.502753354812739
1684761555696494	7.52924644635641
1684761555700455	7.543785338057205
1684761555704887	7.516322987066815
1684761555708455	7.53053879228537
1684761555712156	7.53053879228537
1684761555715454	7.47206013899995
1684761555719452	7.53086187876761
1684761555723216	7.497260884614661
1684761555726467	7.527631013945211
1684761555730626	7.543139165092725
1684761555734354	7.531508051732089
1684761555737739	7.544108424539445
1684761555740859	7.510507430386497
1684761555744454	7.535385089518968
1684761555748597	7.542169905646006
1684761555752604	7.462044458050514
1684761555755452	7.5454007704684045
1684761555759455	7.545077683986165
1684761555763463	7.476260263269069
1684761555766453	7.532154224696569
1684761555770511	7.543139165092725
1684761555773846	7.475291003822349
1684761555776453	7.547016202879604
1684761555780454	7.521492370782653
1684761555784454	7.534415830072248
1684761555788452	7.538615954341367
1684761555791840	7.547985462326324
1684761555794453	7.527631013945211
1684761555798772	7.533446570625529
1684761555802133	7.533446570625529
1684761555805456	7.547016202879604
1684761555808888	7.52956953283865
1684761555812308	7.5253694085695315
1684761555815685	7.53086187876761
1684761555818974	7.5424929921282455
1684761555821454	7.543139165092725
1684761555825453	7.53053879228537
1684761555828454	7.532477311178809
1684761555831454	7.509538170939777
1684761555835454	7.506953479081858
1684761555839060	7.531508051732089
1684761555842455	7.505984219635138
1684761555845452	7.52860027339193
1684761555849454	7.5340927435900085
1684761555852500	7.542816078610485
1684761555856550	7.537646694894647
1684761555860366	7.543462251574965
1684761555863546	7.52989261932089
1684761555866581	7.537969781376887
1684761555870965	7.521492370782653
1684761555874547	7.537969781376887
1684761555878546	7.52989261932089
1684761555882546	7.474967917340109
1684761555885779	7.524400149122812
1684761555889235	7.526661754498491
1684761555892636	7.412935312750051
1684761555896030	7.52924644635641
1684761555899547	7.52860027339193
1684761555902778	7.4969377981324214
1684761555906544	7.50210718184826
1684761555909693	7.537969781376887
1684761555914300	7.539908300270326
1684761555918555	7.52860027339193
1684761555922546	7.540231386752566
1684761555926549	7.525046322087292
1684761555929546	7.542816078610485
1684761555933564	7.5082458250108175
1684761555937370	7.52989261932089
1684761555941547	7.525692495051771
1684761555944545	7.5311849652498495
1684761555948575	7.543785338057205
1684761555952583	7.519876938371453
1684761555957530	7.52924644635641
1684761555962798	7.538292867859127
1684761555967529	7.5253694085695315
1684761555972526	7.515676814102335
1684761555977044	7.545077683986165
1684761555980529	7.540877559717046
1684761555983527	7.53086187876761
1684761555988183	7.5370005219301675
1684761555991850	7.520200024853693
1684761555995348	7.532477311178809
1684761555998792	7.535385089518968
1684761556002828	7.548631635290803
1684761556006724	7.534415830072248
1684761556010134	7.536354348965688
1684761556013615	7.515030641137855
1684761556016977	7.538615954341367
1684761556020526	7.549277808255283
1684761556024050	7.545723856950644
1684761556027528	7.5541241054888815
1684761556031528	7.536354348965688
1684761556034529	7.5454007704684045
1684761556038726	7.550893240666483
1684761556042528	7.533123484143289
1684761556046000	7.554770278453361
1684761556049731	7.537969781376887
1684761556052748	7.515999900584575
1684761556057529	7.5395852137880865
1684761556061182	7.555416451417841
1684761556064529	7.536031262483448
1684761556068281	7.5483085488085635
1684761556071600	7.5424929921282455
1684761556075037	7.527631013945211
1684761556078550	7.5512163271487225
1684761556081895	7.55897040272248
1684761556085214	7.560908921615919
1684761556088588	7.552508673077682
1684761556091766	7.551539413630962
1684761556094640	7.538939040823607
1684761556098529	7.554447191971121
1684761556101752	7.55767805679352
1684761556105778	7.545077683986165
1684761556109528	7.550570154184243
1684761556112932	7.541846819163766
1684761556116546	7.55929348920472
1684761556119528	7.566078305331757
1684761556123528	6.948983124253573
1684761556126970	7.5541241054888815
1684761556130526	7.538939040823607
1684761556134256	7.566724478296237
1684761556137708	7.5512163271487225
1684761556140526	7.55864731624024
1684761556144939	7.5424929921282455
1684761556148529	7.571570775529835
1684761556152109	7.55735497031128
1684761556155528	7.566724478296237
1684761556159069	7.570278429600876
1684761556162042	7.564462872920558
1684761556166043	7.55864731624024
1684761556169404	7.570601516083116
1684761556173040	7.52989261932089
1684761556176520	7.561232008098159
1684761556180386	7.567693737742957
1684761556183042	7.565755218849517
1684761556187062	7.543139165092725
1684761556190123	7.563170526991598
1684761556194118	7.568016824225197
1684761556197043	7.583848061854951
1684761556201045	6.880165703536477
1684761556205045	7.562847440509358
1684761556208537	7.580294110550312
1684761556212044	7.564462872920558
1684761556216044	7.578032505174633
1684761556219255	7.566401391813997
1684761556223044	7.576093986281194
1684761556226042	7.547339289361844
1684761556230044	7.575124726834474
1684761556233043	7.573832380905515
1684761556236042	7.593540656322148
1684761556240081	7.593863742804388
1684761556243060	7.58610966723063
1684761556246042	7.576417072763434
1684761556250042	7.578355591656873
1684761556253042	7.552508673077682
1684761556256682	7.595479175215587
1684761556260690	7.433612847613404
1684761556264691	7.569955343118636
1684761556267691	7.5996792994847056
1684761556271466	7.543462251574965
1684761556274746	7.563816699956078
1684761556278284	7.5970946076267865
1684761556281787	7.580294110550312
1684761556285690	7.583524975372711
1684761556288689	7.602910164307104
1684761556292853	7.578678678139113
1684761556296691	7.600971645413665
1684761556299690	7.58740201315959
1684761556303691	7.580617197032552
1684761556307688	7.595479175215587
1684761556311458	7.578678678139113
1684761556314691	7.437166798918042
1684761556318689	7.598386953555746
1684761556322430	7.5970946076267865
1684761556325857	7.597417694109026
1684761556329689	7.603879423753824
1684761556333935	7.553154846042162
1684761556336689	7.592894483357668
1684761556340703	7.607110288576223
1684761556343689	7.5883712726063095
1684761556347692	7.593217569839908
1684761556351690	7.595802261697827
1684761556354688	7.568016824225197
1684761556358008	7.602263991342625
1684761556361690	7.5541241054888815
1684761556364689	6.994538318249397
1684761556368692	7.5996792994847056
1684761556372009	7.599356213002466
1684761556375691	7.612602758774301
1684761556379406	7.599033126520226
1684761556382848	7.609048807469662
1684761556386370	7.600971645413665
1684761556389886	7.601294731895905
1684761556393690	7.58740201315959
1684761556396942	7.601294731895905
1684761556399986	7.6142181911855005
1684761556403896	7.600002385966945
1684761556407692	7.621003007312538
1684761556411199	7.6084026345051825
1684761556414712	7.566724478296237
1684761556418380	7.624880045099417
1684761556422277	7.603556337271584
1684761556425691	7.61615671007894
1684761556429479	7.608079548022943
1684761556432990	7.621649180277018
1684761556436415	7.611633499327581
1684761556440053	7.61486436414998
1684761556443692	7.622295353241498
1684761556447692	7.613895104703261
1684761556451167	7.619064488419099
1684761556454502	7.621003007312538
1684761556457772	7.636188071977813
1684761556461192	7.6284339964040555
1684761556464552	7.613248931738781
1684761556467691	7.6226184397237375
1684761556471511	7.623587699170457
1684761556474746	7.610664239880862
1684761556478047	7.617449056007899
1684761556480689	7.599033126520226
1684761556484692	7.618095228972379
1684761556488700	7.624880045099417
1684761556492764	7.660419558145804
1684761556495690	7.630049428815255
1684761556499692	7.64329597458709
1684761556502691	7.632311034190934
1684761556506708	7.635541899013333
1684761556509689	7.6255262180638965
1684761556513692	7.593540656322148
1684761556516690	7.64523449348053
1684761556520689	7.641680542175891
1684761556523972	7.631987947708694
1684761556527692	7.647819185338449
1684761556531118	7.630049428815255
1684761556534690	7.638126590871252
1684761556537690	7.640711282729171
1684761556540690	7.64426523403381
1684761556544692	7.561878181062639
1684761556547692	7.630372515297495
1684761556551138	7.61518745063222
1684761556554691	7.636511158460053
1684761556558779	7.637480417906772
1684761556561691	7.647819185338449
1684761556565691	7.632957207155414
1684761556568689	7.652342396089807
1684761556573078	7.621003007312538
1684761556576692	7.642003628658131
1684761556579690	7.6513731366430875
1684761556582689	7.636511158460053
1684761556587116	7.654927087947726
1684761556590708	7.6484653583029285
1684761556594012	7.634572639566613
1684761556596689	7.658804125734605
1684761556600690	7.6397420232824516
1684761556605146	7.646203752927249
1684761556610238	7.649434617749648
1684761556615692	7.657511779805645
1684761556619691	7.648788444785168
1684761556622955	7.658157952770125
1684761556626356	7.658481039252365
1684761556629808	7.653311655536527
1684761556632689	7.252684417559067
1684761556636690	7.650080790714128
1684761556640082	7.6571886933234055
1684761556643691	7.64394214755157
1684761556646689	7.669142893166281
1684761556651159	7.646526839409489
1684761556654794	7.663004250003723
1684761556658081	7.658804125734605
1684761556661692	7.6684967202018015
1684761556664689	7.655573260912206
1684761556668689	7.670758325577481
1684761556672710	7.635864985495573
1684761556675690	7.67269684447092
1684761556679690	7.664942768897163
1684761556683019	7.6542809149832465
1684761556686546	7.6714044985419605
1684761556689791	7.6714044985419605
1684761556693058	7.651696223125327
1684761556696862	7.678512401151238
1684761556699690	7.662358077039244
1684761556703692	7.469798533624271
1684761556706690	7.676573882257799
1684761556710689	7.658481039252365
1684761556713724	7.681743265973637
1684761556717718	7.689820428029634
1684761556721340	7.674958449846599
1684761556725008	7.67269684447092
1684761556727903	7.675281536328839
1684761556731829	7.659773385181325
1684761556735691	7.681743265973637
1684761556738689	7.6885280821006745
1684761556742024	7.659127212216845
1684761556745691	7.67269684447092
1684761556749690	7.684327957831556
1684761556753106	7.688204995618435
1684761556756771	7.6856203037605155
1684761556760173	7.674635363364359
1684761556763688	7.678835487633478
1684761556766691	7.6801278335624374
1684761556770690	7.683035611902596
1684761556773689	7.678189314668998
1684761556777462	7.67398919039988
1684761556780691	7.6717275850242
1684761556783902	7.694989811745472
1684761556787764	7.67398919039988
1684761556791691	7.627787823439576
1684761556795690	7.689497341547394
1684761556799056	7.680450920044677
1684761556802692	7.143158100079745
1684761556805690	7.675604622811079
1684761556809808	7.6856203037605155
1684761556813692	7.678512401151238
1684761556816850	7.687881909136195
1684761556820691	7.678189314668998
1684761556823771	7.681743265973637
1684761556827372	7.684651044313796
1684761556830768	7.683358698384836
1684761556834248	7.683035611902596
1684761556837691	7.680774006526917
1684761556841456	7.695312898227712
1684761556844690	7.678512401151238
1684761556848692	7.70112845490803
1684761556851690	7.70145154139027
1684761556855590	7.661388817592524
1684761556858692	7.688851168582914
1684761556861690	7.703066973801469
1684761556865688	7.684651044313796
1684761556869200	7.708236357517308
1684761556872719	7.653634742018767
1684761556876095	7.694666725263232
1684761556879689	7.696605244156672
1684761556882977	7.697897590085631
1684761556886968	7.693374379334273
1684761556890776	7.712759568268666
1684761556893704	7.705974752141628
1684761556897694	7.713082654750906
1684761556900955	7.709205616964027
1684761556905690	7.710174876410747
1684761556909690	7.7201905573601834
1684761556913510	7.696928330638912
1684761556916744	7.70177462787251
1684761556919904	7.708236357517308
1684761556923906	7.699836108979071
1684761556926902	7.7172827790200245
1684761556929902	7.721159816806903
1684761556933932	7.6943436387809925
1684761556937182	7.727298459969461
1684761556941281	7.70145154139027
1684761556944903	7.718898211431224
1684761556948408	7.7056516656593885
1684761556951980	7.712436481786426
1684761556955504	7.746037475939374
1684761556959404	7.7292369788629
1684761556963356	7.713082654750906
1684761556966326	7.705974752141628
1684761556969903	7.7256830275582615
1684761556973901	7.715021173644345
1684761556977482	7.710174876410747
1684761556981586	7.704359319730429
1684761556984928	7.7143750006798655
1684761556988948	7.711790308821946
1684761556992040	7.70145154139027
1684761556995904	7.732467843685299
1684761556998902	7.72956006534514
1684761557003050	7.720513643842423
1684761557006903	7.718575124948984
1684761557009903	7.717605865502264
1684761557013314	7.70112845490803
1684761557016905	7.733437103132019
1684761557019902	7.719544384395704
1684761557023903	7.722129076253623
1684761557027196	7.7172827790200245
1684761557030092	7.733760189614259
1684761557033901	7.685297217278276
1684761557036920	7.739575746294577
1684761557039902	7.7256830275582615
1684761557043904	7.716636606055545
1684761557047111	7.720513643842423
1684761557050902	7.7172827790200245
1684761557054343	7.724390681629302
1684761557057904	7.738929573330097
1684761557062042	7.7308524112741
1684761557065375	7.447505566349719
1684761557068900	7.740868092223536
1684761557072526	7.7402219192590564
1684761557076210	7.7314985842385795
1684761557079902	7.744098957045935
1684761557083464	7.697574503603391
1684761557086904	7.723421422182582
1684761557089903	7.718252038466744
1684761557094174	7.739252659812337
1684761557097902	7.7314985842385795
1684761557101018	7.5654321323672775
1684761557103902	7.739575746294577
1684761557108203	7.738283400365617
1684761557111904	7.698220676567871
1684761557114902	7.721482903289143
1684761557117902	7.745391302974895
1684761557121904	7.749914513726253
1684761557124960	7.748945254279533
1684761557127902	7.738929573330097
1684761557131904	7.725036854593782
1684761557134920	7.708236357517308
1684761557137903	7.733437103132019
1684761557141348	7.732467843685299
1684761557145357	7.7344063625787385
1684761557149180	7.753145378548652
1684761557152904	7.745068216492655
1684761557156814	7.7515299461374525
1684761557159883	7.6397420232824516
1684761557164404	7.753145378548652
1684761557167823	7.746037475939374
1684761557171127	7.753468465030892
1684761557174822	7.72891389238066
1684761557178154	7.753145378548652
1684761557181881	7.744422043528175
1684761557185684	7.760576367640169
1684761557189202	7.751206859655213
1684761557192559	7.747006735386094
1684761557196118	7.772530567483045
1684761557199537	7.752499205584172
1684761557202884	7.750560686690733
1684761557205821	7.7686535296961665
1684761557209822	7.768330443213927
1684761557212834	7.5683399107074365
1684761557216909	7.756699329853291
1684761557219832	7.752499205584172
1684761557223822	7.764130318944808
1684761557226822	7.768976616178406
1684761557229821	7.7802846430568025
1684761557233141	7.757022416335531
1684761557236824	7.775115259340964
1684761557239821	7.755083897442091
1684761557243820	7.7573455028177705
1684761557247822	7.773822913412005
1684761557251194	7.746360562421614
1684761557254882	7.757022416335531
1684761557258634	7.776730691752164
1684761557261882	7.75993019467569
1684761557265894	7.768976616178406
1684761557269163	7.767038097284967
1684761557273360	7.774792172858724
1684761557277303	7.7715613080363255
1684761557280257	7.7402219192590564
1684761557284374	7.763161059498088
1684761557287822	7.768007356731687
1684761557290821	7.776407605269924
1684761557294820	7.7715613080363255
1684761557298334	7.772853653965285
1684761557301823	7.764453405427048
1684761557304821	7.783192421396961
1684761557308824	7.779315383610083
1684761557312589	7.78739254566608
1684761557316173	7.769299702660646
1684761557319823	7.78706945918384
1684761557322823	7.768976616178406
1684761557327943	7.7883618051128
1684761557331521	7.768330443213927
1684761557334822	7.7773768647166435
1684761557338150	7.792885015864158
1684761557342596	7.780607729539042
1684761557345822	7.771238221554086
1684761557349823	7.791915756417438
1684761557353908	7.3822420969372615
1684761557357900	7.783838594361441
1684761557361595	7.779638470092323
1684761557364944	7.761868713569129
1684761557369415	7.7802846430568025
1684761557372870	7.783838594361441
1684761557376868	7.793854275310878
1684761557380515	7.785454026772641
1684761557384217	7.747329821868334
1684761557388044	7.789977237523999
1684761557391868	7.774145999894245
1684761557395571	7.785454026772641
1684761557399393	7.78771563214832
1684761557403070	7.795146621239837
1684761557405868	7.78771563214832
1684761557410163	7.369964810612146
1684761557413870	7.789977237523999
1684761557416869	7.796438967168797
1684761557420870	7.641357455693651
1684761557424871	7.795792794204317
1684761557427870	7.799669831991196
1684761557432085	7.790300324006239
1684761557435868	7.801285264402395
1684761557438922	7.8058084751537535
1684761557443309	7.801285264402395
1684761557447188	7.795146621239837
1684761557450940	7.795146621239837
1684761557454868	7.804193042742554
1684761557457869	7.797085140133277
1684761557461872	7.802577610331355
1684761557465873	7.812593291280791
1684761557469205	7.7974082266155165
1684761557472871	7.7867463727016
1684761557476872	7.799992918473436
1684761557479937	7.812270204798551
1684761557483968	7.809362426458392
1684761557487870	7.808393167011673
1684761557490870	7.811300945351832
1684761557495398	7.78803871863056
1684761557498868	7.819055020925589
1684761557502288	7.798377486062236
1684761557505868	7.809362426458392
1684761557509198	7.808393167011673
1684761557513871	7.803546869778074
1684761557517871	7.821316626301268
1684761557520870	7.799992918473436
1684761557524897	7.81517798313871
1684761557527870	7.809039339976152
1684761557531870	7.829393788357265
1684761557534869	7.812593291280791
1684761557539111	7.821316626301268
1684761557541872	7.807423907564953
1684761557546276	7.825516750570387
1684761557549873	7.8087162534939125
1684761557552870	7.81582415610319
1684761557556870	7.811947118316311
1684761557560869	7.813885637209751
1684761557563868	7.825516750570387
1684761557567871	7.820670453336788
1684761557571159	7.773499826929765
1684761557574981	7.600971645413665
1684761557579166	7.818408847961109
1684761557582871	7.827778355946066
1684761557585868	7.814208723691991
1684761557589871	7.833593912626384
1684761557593656	7.8003160049556755
1684761557596870	7.830686134286225
1684761557599868	7.824870577605907
1684761557603868	7.830039961321745
1684761557607870	7.836501690966543
1684761557610870	7.4539672959945165
1684761557614870	7.84457885302254
1684761557617869	7.821639712783508
1684761557621870	7.826486010017106
1684761557624870	7.836501690966543
1684761557627868	7.822285885747988
1684761557631870	7.8229320587124676
1684761557634869	7.8403787287534215
1684761557638869	7.827778355946066
1684761557641868	6.991953626391478
1684761557645869	7.832301566697424
1684761557648868	7.8487789772916585
1684761557652870	7.849425150256138
1684761557655870	7.840055642271182
1684761557659926	7.849748236738378
1684761557662870	6.964814361883327
1684761557665868	7.835855518002063
1684761557669926	7.838117123377742
1684761557672868	7.818085761478869
1684761557675868	7.838763296342222
1684761557678868	7.838117123377742
1684761557682870	7.831009220768465
1684761557685869	7.8403787287534215
1684761557689868	7.855563793418696
1684761557692868	7.806777734600473
1684761557696870	7.848132804327179
1684761557699870	7.835209345037583
1684761557702868	7.831978480215184
1684761557706870	7.850071323220618
1684761557709870	7.850394409702858
1684761557712868	7.806131561635993
1684761557716870	7.842317247646861
1684761557719870	7.84328650709358
1684761557722868	7.847163544880459
1684761557725868	7.841347988200141
1684761557728868	7.8442557665403
1684761557732870	7.8287476153927855
1684761557735870	7.858148485276615
1684761557738868	7.862348609545734
1684761557742870	7.841671074682381
1684761557745927	7.853948361007497
1684761557749870	7.853302188043017
1684761557752870	7.855563793418696
1684761557755870	7.858148485276615
1684761557758870	7.862671696027974
1684761557761868	7.839409469306702
1684761557765870	7.837147863931023
1684761557768870	7.869133425672771
1684761557772870	7.841024901717901
1684761557775868	7.871071944566211
1684761557778869	7.854917620454216
1684761557782870	7.847809717844939
1684761557785870	7.8575023123121355
1684761557788868	7.862348609545734
1684761557791868	7.846517371915979
1684761557795870	7.857825398794375
1684761557798869	7.859440831205575
1684761557801868	7.857825398794375
1684761557804869	7.859763917687815
1684761557808870	7.865256387885893
1684761557811876	7.856209966383176
1684761557815870	7.859440831205575
1684761557819530	7.874948982353089
1684761557822869	7.856533052865416
1684761557825868	7.856209966383176
1684761557828868	7.8575023123121355
1684761557832870	7.826809096499346
1684761557835870	7.877210587728769
1684761557838869	7.875595155317569
1684761557842870	7.840055642271182
1684761557845868	7.866548733814852
1684761557849868	7.869779598637251
1684761557852868	7.84457885302254
1684761557857056	7.887549355160445
1684761557859869	7.884641576820286
1684761557862868	7.884318490338046
1684761557865869	7.884318490338046
1684761557869870	7.8804414525511675
1684761557872866	7.84554811246926
1684761557876917	7.884964663302526
1684761557879870	7.884964663302526
1684761557882868	7.797731313097756
1684761557885868	7.875595155317569
1684761557889869	7.8746258958708495
1684761557892868	7.863317868992453
1684761557895868	7.883349230891326
1684761557899870	7.875272068835329
1684761557902868	7.87236429049517
1684761557906870	7.879795279586688
1684761557909870	7.887872441642685
1684761557912868	7.892072565911803
1684761557916870	7.876887501246529
1684761557919868	7.874948982353089
1684761557922868	7.879472193104448
1684761557926870	7.889164787571644
1684761557929870	7.895626517216442
1684761557932868	7.881733798480127
1684761557936870	7.891103306465084
1684761557939870	7.890457133500604
1684761557942870	7.889810960536124
1684761557945870	7.893041825358523
1684761557948868	7.894334171287483
1684761557951868	7.866871820297092
1684761557955928	7.881087625515647
1684761557958869	7.895303430734202
1684761557962870	7.8859339227492455
1684761557965870	7.802577610331355
1684761557968868	7.882379971444607
1684761557972870	7.848455890809419
1684761557975870	7.883995403855806
1684761557979387	7.9004728144500405
1684761557981868	7.898534295556601
1684761557985870	7.8975650361098815
1684761557988868	7.895303430734202
1684761557991868	7.894980344251962
1684761557994868	7.8859339227492455
1684761557998870	7.893041825358523
1684761558002148	7.693051292852033
1684761558005870	7.8429634206113406
1684761558008870	7.882703057926847
1684761558011868	7.857825398794375
1684761558015870	7.883672317373566
1684761558018868	7.883672317373566
1684761558022869	7.895626517216442
1684761558025871	7.894011084805243
1684761558028868	7.9004728144500405
1684761558032870	7.892072565911803
1684761558035870	7.8859339227492455
1684761558038868	7.884318490338046
1684761558041868	7.881410711997887
1684761558045870	7.886903182195965
1684761558048870	7.899826641485561
1684761558051869	7.7883618051128
1684761558055870	7.887549355160445
1684761558059871	7.884318490338046
1684761558063872	7.893364911840763
1684761558068870	7.897888122592121
1684761558072870	7.842640334129101
1684761558076870	7.887226268678205
1684761558080870	7.884318490338046
1684761558084870	7.173851315892534
1684761558088870	7.899180468521081
1684761558091869	7.889487874053884
1684761558096871	7.90111898741452
1684761558100869	7.904996025201399
1684761558104872	7.904996025201399
1684761558108869	7.909196149470517
1684761558112882	7.731821670720819
1684761558116869	7.8946572577697225
1684761558120868	7.899180468521081
1684761558124870	7.905642198165879
1684761558128869	7.90079590093228
1684761558131870	7.854917620454216
1684761558134868	7.878179847175488
1684761558138870	7.893687998323003
1684761558141868	7.87268737697741
1684761558145650	7.905642198165879
1684761558148932	7.899503555003321
1684761558151870	7.884641576820286
1684761558154869	7.883349230891326
1684761558158870	7.907580717059318
1684761558161869	7.906611457612598
1684761558164868	7.895949603698682
1684761558168868	7.884964663302526
1684761558171869	7.907580717059318
1684761558175870	7.886903182195965
1684761558178869	7.886580095713725
1684761558181868	7.84457885302254
1684761558185870	7.895949603698682
1684761558188869	7.90144207389676
1684761558192870	7.794823534757597
1684761558195869	7.881733798480127
1684761558198868	7.90208824686124
1684761558202872	7.496291625167942
1684761558205868	7.899826641485561
1684761558208871	7.893364911840763
1684761558211868	7.834886258555343
1684761558215870	7.886257009231485
1684761558218869	7.90111898741452
1684761558221868	7.858148485276615
1684761558225869	7.848132804327179
1684761558228871	7.884641576820286
1684761558231868	7.866548733814852
1684761558235870	7.90144207389676
1684761558238868	7.9004728144500405
1684761558242871	7.888195528124925
1684761558245868	7.899826641485561
1684761558248925	7.90144207389676
1684761558252868	7.870102685119491
1684761558255869	7.887226268678205
1684761558258868	7.884964663302526
1684761558262870	7.861379350099014
1684761558265870	7.90144207389676
1684761558268868	7.90273441982572
1684761558272870	7.871071944566211
1684761558275868	7.886257009231485
1684761558278868	7.886580095713725
1684761558282869	7.90111898741452
1684761558285870	7.892718738876283
1684761558288868	7.892072565911803
1684761558292927	7.867841079743812
1684761558295868	7.869779598637251
1684761558298868	7.90208824686124
1684761558302870	7.770268962107366
1684761558305868	7.899503555003321
1684761558309868	7.904349852236919
1684761558312870	7.884964663302526
1684761558315868	7.893687998323003
1684761558319870	7.909196149470517
1684761558322870	7.8830261444090866
1684761558325868	7.888518614607165
1684761558331592	7.8975650361098815
1684761558334870	7.883672317373566
1684761558337870	7.892718738876283
1684761558340868	7.884641576820286
1684761558343868	7.8859339227492455
1684761558347870	7.886257009231485
1684761558350869	7.866548733814852
1684761558354870	7.906611457612598
1684761558357870	7.889487874053884
1684761558360868	7.901765160379
1684761558364870	7.9004728144500405
1684761558368320	7.90305750630796
1684761558370868	7.904026765754679
1684761558373869	7.898211209074361
1684761558377870	7.90144207389676
1684761558380870	7.886257009231485
1684761558383868	7.886257009231485
1684761558386868	7.884964663302526
1684761558390870	7.863317868992453
1684761558393870	7.885610836267006
1684761558396870	7.893041825358523
1684761558399868	7.90241133334348
1684761558403870	7.900149727967801
1684761558406959	7.897888122592121
1684761558409868	7.875595155317569
1684761558412868	7.890780219982844
1684761558416982	7.898857382038841
1684761558419869	7.738929573330097
1684761558423870	7.890780219982844
1684761558426870	7.886903182195965
1684761558429868	7.896595776663162
1684761558433869	7.854271447489737
1684761558436870	7.904026765754679
1684761558439868	7.899826641485561
1684761558442868	7.890134047018364
1684761558446870	7.886257009231485
1684761558449870	7.886903182195965
1684761558452868	7.892072565911803
1684761558456870	7.905642198165879
1684761558459870	7.894980344251962
1684761558463436	7.8804414525511675
1684761558466870	7.898211209074361
1684761558470870	7.888195528124925
1684761558473869	7.87268737697741
1684761558476868	7.886903182195965
1684761558479868	7.695635984709952
1684761558483870	7.7314985842385795
1684761558486868	7.9004728144500405
1684761558489868	7.90241133334348
1684761558492868	7.894334171287483
1684761558496870	7.894011084805243
1684761558499870	7.744745130010415
1684761558503870	7.890457133500604
1684761558506870	7.899826641485561
1684761558509870	7.904672938719159
1684761558512868	7.901765160379
1684761558516870	7.893364911840763
1684761558519869	7.894011084805243
1684761558522869	7.886580095713725
1684761558525868	7.8888417010894045
1684761558529870	7.887226268678205
1684761558532869	7.894980344251962
1684761558535868	7.883995403855806
1684761558538868	7.888518614607165
1684761558541868	7.889164787571644
1684761558545870	7.887872441642685
1684761558548870	7.90241133334348
1684761558551868	7.884641576820286
1684761558554868	7.896595776663162
1684761558558979	7.899826641485561
1684761558561868	7.895949603698682
1684761558564868	7.898857382038841
1684761558567868	7.889810960536124
1684761558571870	7.861056263616774
1684761558574869	7.8888417010894045
1684761558578870	7.906934544094838
1684761558581870	7.895626517216442
1684761558584870	7.892395652394043
1684761558587868	7.903703679272439
1684761558591870	7.897241949627642
1684761558594868	7.90273441982572
1684761558597868	7.907257630577078
1684761558600870	7.90273441982572
1684761558604869	7.7308524112741
1684761558607870	7.892718738876283
1684761558610868	7.8830261444090866
1684761558614870	7.858794658241095
1684761558617870	7.906934544094838
1684761558621868	7.898534295556601
1684761558624870	7.893041825358523
1684761558627870	7.8917494794295635
1684761558630868	7.838440209859982
1684761558634870	7.878502933657728
1684761558637902	7.906934544094838
1684761558640868	7.901765160379
1684761558644870	7.899503555003321
1684761558647870	7.8888417010894045
1684761558650868	7.892718738876283
1684761558654870	7.881410711997887
1684761558657870	7.906934544094838
1684761558660868	7.886580095713725
1684761558664870	7.884318490338046
1684761558667868	7.903380592790199
1684761558670868	7.90144207389676
1684761558673869	7.897888122592121
1684761558677870	7.904349852236919
1684761558680869	7.75928402171121
1684761558684872	7.892072565911803
1684761558687869	7.90144207389676
1684761558690868	7.728267719416181
1684761558694868	7.892718738876283
1684761558697869	7.887872441642685
1684761558701870	7.90079590093228
1684761558704868	7.897888122592121
1684761558707868	7.884964663302526
1684761558711870	7.878826020139968
1684761558714868	7.887549355160445
1684761558718950	7.891426392947324
1684761558721869	7.8917494794295635
1684761558724870	7.883672317373566
1684761558727868	7.885287749784766
1684761558730868	7.8629947825102136
1684761558734868	7.889487874053884
1684761558737868	7.888518614607165
1684761558741869	7.892718738876283
1684761558744868	7.900149727967801
1684761558748871	7.893364911840763
1684761558751869	7.847486631362699
1684761558754868	7.8775336742110085
1684761558757868	7.887872441642685
1684761558761870	7.884318490338046
1684761558764870	7.87430280938861
1684761558767868	7.90079590093228
1684761558770868	7.886903182195965
1684761558774870	7.857825398794375
1684761558777869	7.905319111683639
1684761558780868	7.726006114040501
1684761558784870	7.886257009231485
1684761558787869	7.8888417010894045
1684761558790868	7.861702436581254
1684761558793868	7.897241949627642
1684761558797870	7.9088730629882775
1684761558800870	7.90079590093228
1684761558803868	7.892072565911803
1684761558807868	7.892718738876283
1684761558810870	7.898857382038841
1684761558813868	7.8888417010894045
1684761558816869	7.90144207389676
1684761558820870	7.8830261444090866
1684761558823868	7.904996025201399
1684761558826868	7.890134047018364
1684761558830870	7.87204120401293
1684761558833870	7.909196149470517
1684761558836868	7.910165408917237
1684761558840870	7.905319111683639
1684761558843870	7.905319111683639
1684761558846868	7.888195528124925
1684761558850870	7.876564414764289
1684761558853870	7.893041825358523
1684761558857160	7.898211209074361
1684761558859868	7.90241133334348
1684761558863870	7.8003160049556755
1684761558866870	7.904996025201399
1684761558869868	7.886580095713725
1684761558873870	7.883672317373566
1684761558876870	7.908549976506038
1684761558879868	7.892072565911803
1684761558883871	7.891103306465084
1684761558886869	7.889487874053884
1684761558889868	7.9004728144500405
1684761558893871	7.890780219982844
1684761558896868	7.9004728144500405
1684761558900868	7.890134047018364
1684761558904868	7.894980344251962
1684761558907871	7.90079590093228
1684761558910868	7.886580095713725
1684761558913868	7.891426392947324
1684761558917870	7.924058127653552
1684761558920868	7.894011084805243
1684761558924873	7.904026765754679
1684761558928876	7.9117808413284365
1684761558933886	7.894980344251962
1684761558937870	7.890134047018364
1684761558940868	7.895626517216442
1684761558944870	7.894011084805243
1684761558947870	7.90208824686124
1684761558950868	7.887226268678205
1684761558954871	7.891426392947324
1684761558957868	7.893364911840763
1684761558960868	7.893687998323003
1684761558964869	7.90305750630796
1684761558967869	7.886903182195965
1684761558970868	7.889810960536124
1684761558974870	7.869133425672771
1684761558977872	7.889487874053884
1684761558980870	7.891103306465084
1684761558983868	7.90273441982572
1684761558987868	7.90079590093228
1684761558990868	7.878826020139968
1684761558993868	7.893687998323003
1684761558997870	7.8946572577697225
1684761559001373	7.907903803541558
1684761559004870	7.4310281557554845
1684761559007869	7.908549976506038
1684761559011870	7.899180468521081
1684761559014870	7.904996025201399
1684761559018870	7.904349852236919
1684761559021872	7.895626517216442
1684761559024868	7.8659025608503725
1684761559028870	7.895303430734202
1684761559031870	7.898534295556601
1684761559036518	7.898534295556601
1684761559040544	7.899503555003321
1684761559043869	7.912427014292916
1684761559046868	7.880118366068928
1684761559050870	7.904672938719159
1684761559053868	7.886580095713725
1684761559057871	7.914042446704116
1684761559060868	7.897241949627642
1684761559064870	7.899503555003321
1684761559067870	7.904996025201399
1684761559070870	7.90144207389676
1684761559073868	7.893364911840763
1684761559077870	7.913396273739636
1684761559080870	7.861379350099014
1684761559083868	7.899826641485561
1684761559087870	7.904996025201399
1684761559090869	7.914042446704116
1684761559093868	7.886257009231485
1684761559097870	7.90241133334348
1684761559100868	7.830363047803985
1684761559103868	7.915980965597555
1684761559107870	7.921796522277873
1684761559110919	7.9205041763489135
1684761559113868	7.804839215707034
1684761559116868	7.924704300618032
1684761559119870	7.922442695242353
1684761559123870	7.904026765754679
1684761559126868	7.906611457612598
1684761559130870	7.889810960536124
1684761559133870	7.709851789928507
1684761559136868	7.909196149470517
1684761559140926	7.841024901717901
1684761559143870	7.904996025201399
1684761559146868	7.907580717059318
1684761559149868	7.8775336742110085
1684761559152868	7.917919484490994
1684761559156870	7.914042446704116
1684761559160347	7.918565657455474
1684761559162868	7.8203473668545485
1684761559166868	7.926965905993711
1684761559170872	7.8917494794295635
1684761559173868	7.904026765754679
1684761559177868	7.921473435795633
1684761559180869	7.912103927810676
1684761559183868	7.909842322434997
1684761559187870	7.925027387100272
1684761559190869	7.937950846389867
1684761559193868	7.927288992475951
1684761559197870	7.922119608760113
1684761559200869	7.928581338404911
1684761559203868	7.924381214135792
1684761559207870	7.922119608760113
1684761559210868	7.938597019354347
1684761559213868	7.904349852236919
1684761559217869	7.938597019354347
1684761559220868	7.935043068049708
1684761559224870	7.93148911674507
1684761559227870	7.939889365283307
1684761559230868	7.895303430734202
1684761559234870	7.922119608760113
1684761559237868	7.942150970658986
1684761559240871	7.943766403070185
1684761559243868	7.939243192318827
1684761559247870	7.938597019354347
1684761559250870	7.924704300618032
1684761559254870	7.926319733029231
1684761559257870	7.941827884176746
1684761559260868	7.932135289709549
1684761559264870	7.770915135071846
1684761559267869	7.938597019354347
1684761559270868	7.939243192318827
1684761559274870	7.9592745542177
1684761559277869	7.943120230105706
1684761559280868	7.818408847961109
1684761559283868	7.947320354374824
1684761559287870	7.942150970658986
1684761559290870	7.952166651608422
1684761559293868	7.948612700303784
1684761559297870	7.95798220828874
1684761559300868	7.953782084019622
1684761559303870	7.949905046232743
1684761559306868	7.940858624730026
1684761559310870	7.946997267892584
1684761559313869	7.941827884176746
1684761559316868	7.9518435651261825
1684761559320869	7.947643440857064
1684761559328574	7.942474057141226
1684761559332869	7.927935165440431
1684761559338872	7.9405355382477865
1684761559343870	7.879472193104448
1684761559347870	7.95959764069994
1684761559350880	7.939243192318827
1684761559354869	7.956689862359781
1684761559359870	7.943120230105706
1684761559362868	7.55735497031128
1684761559365868	7.945058748999145
1684761559369869	7.963151592004579
1684761559372868	7.961859246075619
1684761559375868	7.962505419040099
1684761559379870	7.949905046232743
1684761559382870	7.938920105836587
1684761559385868	7.956366775877541
1684761559389870	7.972521099989535
1684761559392870	7.973167272954015
1684761559395868	7.972844186471775
1684761559398868	7.9634746784868184
1684761559402870	7.952812824572902
1684761559405868	7.952166651608422
1684761559409869	7.972844186471775
1684761559412869	7.942797143623466
1684761559415868	7.956366775877541
1684761559419870	7.967674802755937
1684761559422868	7.966382456826977
1684761559425868	7.9689671486848965
1684761559429871	7.956689862359781
1684761559432870	7.940212451765547
1684761559436870	7.978982829634333
1684761559439868	7.976721224258654
1684761559442869	7.681420179491397
1684761559445868	7.905642198165879
1684761559448868	7.977367397223134
1684761559452870	7.925027387100272
1684761559455870	7.971228754060576
1684761559459038	7.964443937933538
1684761559461868	7.957336035324261
1684761559465869	7.742483524634736
1684761559468869	7.982536780938972
1684761559471868	7.982859867421212
1684761559474868	7.9835060403856914
1684761559478999	7.98867542410153
1684761559481870	7.98673690520809
1684761559484868	7.972521099989535
1684761559488870	7.975751964811934
1684761559491868	7.9634746784868184
1684761559494868	7.98867542410153
1684761559498870	7.98802925113705
1684761559501869	7.936335413978668
1684761559504869	7.975105791847454
1684761559507868	7.979629002598813
1684761559511870	7.926319733029231
1684761559514870	7.878826020139968
1684761559518871	7.978659743152093
1684761559521870	7.975751964811934
1684761559526359	7.983829126867931
1684761559529899	7.98802925113705
1684761559533573	7.976398137776414
1684761559536869	7.995783326710807
1684761559539996	7.950551219197223
1684761559542868	7.989967770030489
1684761559545869	7.991583202441689
1684761559549870	7.999660364497686
1684761559552870	7.961536159593379
1684761559555869	7.991583202441689
1684761559558868	7.982536780938972
1684761559562870	7.983182953903452
1684761559566040	7.991583202441689
1684761559568868	8.002891229320085
1684761559572870	7.967674802755937
1684761559575870	7.98641381872585
1684761559578869	7.999660364497686
1684761559582868	7.999660364497686
1684761559585868	7.998044932086486
1684761559588868	7.999983450979926
1684761559592870	7.999337278015446
1684761559595870	7.992229375406168
1684761559598868	7.9889985105837695
1684761559601868	7.992552461888408
1684761559607210	8.000306537462166
1684761559612078	8.001921969873365
1684761559615870	7.997398759122007
1684761559620160	7.991583202441689
1684761559622868	8.004183575249044
1684761559626870	7.998368018568726
1684761559629868	8.004506661731284
1684761559633870	7.981567521492252
1684761559636867	8.007737526553683
1684761559640870	8.006768267106963
1684761559643868	7.989644683548249
1684761559647871	7.995460240228567
1684761559651474	8.004506661731284
1684761559653868	8.002891229320085
1684761559657871	8.021307158807758
1684761559660868	8.008383699518163
1684761559663868	8.010322218411602
1684761559667869	7.999983450979926
1684761559670871	7.865256387885893
1684761559673868	8.01872246694984
1684761559676868	8.020014812878799
1684761559680870	8.000952710426645
1684761559684162	8.003214315802325
1684761559687869	8.003537402284564
1684761559690868	7.992229375406168
1684761559694870	8.006122094142484
1684761559697870	8.01613777509192
1684761559700868	8.01613777509192
1684761559703869	8.002245056355605
1684761559706868	8.012260737305041
1684761559710870	8.007091353589203
1684761559713870	8.026476542523596
1684761559716869	7.947966527339304
1684761559720868	8.0151685156452
1684761559723868	8.023891850665677
1684761559726870	8.023568764183437
1684761559730870	7.969613321649376
1684761559734871	8.012906910269521
1684761559737870	8.01710703453864
1684761559741870	7.937950846389867
1684761559744869	8.028091974934796
1684761559747869	8.028091974934796
1684761559751870	7.981567521492252
1684761559754868	8.022599504736718
1684761559758870	8.0167839480564
1684761559762054	8.032615185686154
1684761559765869	8.025184196594637
1684761559768868	8.020984072325518
1684761559771868	8.004829748213524
1684761559775870	8.023891850665677
1684761559778947	8.01387616971624
1684761559781868	7.769299702660646
1684761559784868	8.035846050508553
1684761559788870	8.034876791061834
1684761559791868	8.033261358650634
1684761559794868	8.008706786000403
1684761559798870	8.040692347742151
1684761559801868	7.962505419040099
1684761559805870	8.020660985843278
1684761559808870	8.026476542523596
1684761559811868	8.028415061417036
1684761559815994	8.04392321256455
1684761559818870	8.04715407738695
1684761559821868	8.04489247201127
1684761559824868	8.027768888452556
1684761559829540	8.040369261259912
1684761559833146	8.032292099203914
1684761559836420	8.034876791061834
1684761559839872	8.048123336833669
1684761559843594	8.04263086663559
1684761559846871	8.04424629904679
1684761559851871	8.050061855727108
1684761559855868	8.036169136990793
1684761559859870	8.037138396437513
1684761559862870	8.034230618097354
1684761559865868	8.04586173145799
1684761559869868	8.055231239442946
1684761559872870	8.04650790442247
1684761559875868	8.04650790442247
1684761559879870	8.04263086663559
1684761559882870	8.037784569401992
1684761559885868	8.038107655884232
1684761559889321	8.041661607188871
1684761559892870	7.739252659812337
1684761559895870	8.048769509798149
1684761559898869	8.056200498889666
1684761559901868	8.050061855727108
1684761559906061	8.04360012608231
1684761559908868	8.049415682762628
1684761559912870	8.009676045447122
1684761559915870	8.064923833910143
1684761559918868	8.056523585371906
1684761559921868	8.04424629904679
1684761559925870	8.049415682762628
1684761559928868	8.052646547585027
1684761559931869	8.061369882605504
1684761559936870	8.07138556355494
1684761559939870	8.0759087743063
1684761559942869	8.068477785214782
1684761559945868	8.067831612250302
1684761559948868	8.057169758336386
1684761559952868	8.036492223473033
1684761559955870	8.07332408244838
1684761559959871	8.069770131143741
1684761559962870	8.07170865003718
1684761559965870	8.056523585371906
1684761559969870	8.07364716893062
1684761559972870	8.07558568782406
1684761559975868	8.068154698732542
1684761559979870	8.059108277229825
1684761559982869	8.055554325925186
1684761559985868	8.054908152960707
1684761559988869	8.062016055569984
1684761559992870	8.032615185686154
1684761559995869	8.078170379681978
1684761559998868	8.0742933418951
1684761560003272	8.009676045447122
1684761560006981	8.061369882605504
1684761560009869	8.066862352803582
1684761560012868	8.066862352803582
1684761560016869	8.079462725610938
1684761560019869	8.062985315016704
1684761560023870	8.060400623158785
1684761560026870	8.060400623158785
1684761560029870	8.078170379681978
1684761560032868	8.066539266321342
1684761560035868	8.07461642837734
1684761560039870	8.070093217625981
1684761560042870	8.069123958179262
1684761560046044	8.097232482134132
1684761560048868	8.082693590433337
1684761560052870	8.083339763397817
1684761560055870	8.0710624770727
1684761560058868	8.069770131143741
1684761560062870	8.080431985057658
1684761560065868	8.07364716893062
1684761560068868	8.079139639128698
1684761560072870	8.086247541737976
1684761560075870	8.079462725610938
1684761560078869	8.081724330986617
1684761560082870	8.087539887666935
1684761560085870	7.947320354374824
1684761560088868	8.089801493042614
1684761560092869	7.90208824686124
1684761560095868	8.07397025541286
1684761560098868	8.084309022844536
1684761560101868	8.07558568782406
1684761560105870	8.086247541737976
1684761560108868	8.092063098418294
1684761560111868	8.060723709641024
1684761560114868	8.084955195809016
1684761560118870	8.084309022844536
1684761560121870	8.076231860788539
1684761560125884	8.094970876758453
1684761560129870	8.097555568616372
1684761560132870	8.025830369559117
1684761560136066	8.0710624770727
1684761560139870	8.094324703793973
1684761560142868	8.092063098418294
1684761560145868	8.091416925453814
1684761560149870	8.090770752489334
1684761560152868	8.07397025541286
1684761560155868	8.099494087509811
1684761560159870	8.105632730672369
1684761560162870	8.10401729826117
1684761560165868	8.10466347122565
1684761560168868	8.107248163083568
1684761560172870	8.079785812093178
1684761560175870	8.093032357865013
1684761560178868	8.093678530829493
1684761560182870	8.098524828063091
1684761560185870	7.823901318159187
1684761560189870	8.095940136205172
1684761560192870	8.086893714702455
1684761560195869	8.105632730672369
1684761560198868	8.108217422530288
1684761560202870	8.095293963240692
1684761560205868	8.099494087509811
1684761560209870	8.117263844033005
1684761560212868	8.093678530829493
1684761560216872	8.10046334695653
1684761560219870	8.096586309169652
1684761560222870	8.114356065692846
1684761560226928	8.105632730672369
1684761560229870	8.113386806246126
1684761560232868	8.104986557707889
1684761560235868	8.10401729826117
1684761560239870	8.114679152175086
1684761560242868	8.110802114388207
1684761560246871	8.113063719763886
1684761560249870	8.082047417468857
1684761560254092	8.098201741580851
1684761560259039	8.10175569288549
1684761560262871	8.110155941423727
1684761560267871	8.116940757550765
1684761560270870	8.119202362926444
1684761560274869	8.113386806246126
1684761560277870	8.111771373834927
1684761560280869	8.111448287352687
1684761560284870	8.117586930515245
1684761560287870	8.117586930515245
1684761560290868	8.121463968302123
1684761560294102	8.122433227748843
1684761560297868	8.113063719763886
1684761560301870	7.9860907322436105
1684761560304869	8.109832854941487
1684761560307868	8.120817795337643
1684761560310868	8.084309022844536
1684761560314868	8.10337112529669
1684761560317868	8.115648411621805
1684761560321870	8.112094460317167
1684761560327869	8.120494708855404
1684761560330870	8.087539887666935
1684761560333868	8.112417546799406
1684761560337870	8.136325946485158
1684761560340869	8.115325325139565
1684761560344870	8.118879276444204
1684761560347868	8.133418168144999
1684761560350869	8.13277199518052
1684761560354870	8.120494708855404
1684761560357868	8.133741254627239
1684761560361870	8.124048660160042
1684761560364868	8.115971498104045
1684761560367868	8.125664092571242
1684761560371870	8.136972119449638
1684761560374869	8.143756935576675
1684761560378870	8.135356687038438
1684761560381868	8.124048660160042
1684761560384868	8.137941378896357
1684761560388870	8.134064341109479
1684761560392065	8.124048660160042
1684761560395870	8.120171622373164
1684761560398868	8.140202984272037
1684761560401913	8.139556811307557
1684761560404868	8.136325946485158
1684761560408972	8.142464589647716
1684761560411869	8.117586930515245
1684761560415870	8.152157184114913
1684761560418868	8.149572492256993
1684761560421868	8.077201120235259
1684761560424868	8.140526070754277
1684761560428870	8.147633973363554
1684761560431868	8.13244890869828
1684761560434869	8.134710514073959
1684761560437868	8.134710514073959
1684761560441870	8.136972119449638
1684761560444868	8.144403108541155
1684761560447868	8.148280146328034
1684761560451870	8.147633973363554
1684761560454870	8.096586309169652
1684761560457868	8.142141503165476
1684761560460868	8.140849157236516
1684761560463868	8.064277660945663
1684761560467870	8.140526070754277
1684761560470868	8.156357308384031
1684761560473868	8.151187924668193
1684761560477870	8.145372367987875
1684761560480868	8.136002860002918
1684761560483868	8.136649032967398
1684761560487869	8.154418789490592
1684761560490868	8.142787676129956
1684761560494870	8.144726195023395
1684761560497870	8.153126443561632
1684761560501870	8.097555568616372
1684761560504868	8.146341627434595
1684761560507868	8.147957059845794
1684761560510868	8.136649032967398
1684761560514869	8.144403108541155
1684761560517870	8.145049281505635
1684761560520868	8.15764965431299
1684761560524870	8.138587551860837
1684761560527868	8.143756935576675
1684761560531870	8.164757556922268
1684761560535080	8.153126443561632
1684761560537869	8.15829582727747
1684761560541870	8.154741875972832
1684761560544870	8.148280146328034
1684761560547870	8.148280146328034
1684761560552419	8.137618292414118
1684761560556024	8.146664713916834
1684761560559907	8.164434470440028
1684761560564365	8.01613777509192
1684761560568256	8.16055743265315
1684761560572295	8.175096324353945
1684761560575910	7.92922751136939
1684761560579249	8.172511632496025
1684761560583278	8.171865459531546
1684761560586918	8.15764965431299
1684761560591364	8.174127064907225
1684761560595232	8.166049902851228
1684761560599090	8.15894200024195
1684761560602243	8.153772616526112
1684761560606038	8.171865459531546
1684761560610268	8.123725573677802
1684761560613642	8.15829582727747
1684761560616909	8.175096324353945
1684761560619908	8.07364716893062
1684761560622908	8.163142124511069
1684761560626968	8.15700348134851
1684761560629909	8.171865459531546
1684761560632907	8.04489247201127
1684761560636909	8.173803978424985
1684761560639909	8.177357929729624
1684761560643975	8.179296448623063
1684761560646908	8.163788297475548
1684761560650910	8.178004102694103
1684761560653908	8.13051038980484
1684761560656908	8.199004724039696
1684761560659908	8.180588794552023
1684761560663909	8.175419410836184
1684761560666909	8.180588794552023
1684761560669908	8.15764965431299
1684761560673909	8.04360012608231
1684761560676909	8.185112005303381
1684761560679908	8.171865459531546
1684761560683910	8.178973362140823
1684761560686909	8.176388670282904
1684761560689908	8.165403729886748
1684761560693910	8.183496572892182
1684761560696908	8.192219907912659
1684761560699908	8.18640435123234
1684761560703909	8.124048660160042
1684761560706908	8.19028138901922
1684761560709907	8.151834097632673
1684761560713910	8.16184977858211
1684761560716909	8.196420032181777
1684761560719908	8.18575817826786
1684761560722908	8.026799629005836
1684761560726910	8.184142745856661
1684761560729908	8.15700348134851
1684761560732908	8.183819659374421
1684761560735908	8.194481513288338
1684761560740076	8.193512253841618
1684761560742908	8.04650790442247
1684761560746910	8.182527313445462
1684761560749908	8.201266329415375
1684761560752908	8.15926508672419
1684761560756909	8.106925076601328
1684761560759909	8.196420032181777
1684761560764024	8.199650897004176
1684761560766908	8.199973983486416
1684761560769908	8.209343491471373
1684761560772908	8.18834287012578
1684761560776910	8.206758799613453
1684761560779909	8.199327810521936
1684761560782908	8.193512253841618
1684761560785907	8.190927561983699
1684761560789909	8.201266329415375
1684761560792908	8.213220529258251
1684761560795908	8.211282010364812
1684761560799910	8.209666577953612
1684761560802909	7.9576591218065005
1684761560805908	8.198035464592976
1684761560809911	8.191250648465939
1684761560812907	8.193189167359378
1684761560815907	8.211928183329292
1684761560818908	8.202235588862095
1684761560822908	8.191896821430419
1684761560825908	8.191573734948179
1684761560828907	8.200620156450896
1684761560831907	8.204497194237774
1684761560835910	8.200620156450896
1684761560838908	8.21515904815169
1684761560841907	8.21709756704513
1684761560845969	8.205466453684494
1684761560848907	8.21612830759841
1684761560852910	8.21418978870497
1684761560855967	8.213220529258251
1684761560858934	8.201266329415375
1684761560862936	8.137295205931878
1684761560865935	8.21806682649185
1684761560868934	8.224528556136647
1684761560872935	8.21580522111617
1684761560875934	8.21418978870497
1684761560878934	8.211282010364812
1684761560883172	8.13115656276932
1684761560886937	8.211282010364812
1684761560889936	8.209343491471373
1684761560892934	8.222266950760968
1684761560895934	8.21871299945633
1684761560899160	8.21871299945633
1684761560902936	8.221943864278728
1684761560905934	8.21806682649185
1684761560908934	8.220651518349769
1684761560912935	8.199004724039696
1684761560915934	8.224205469654407
1684761560918934	8.21903608593857
1684761560921934	7.948289613821544
1684761560925935	8.221297691314248
1684761560928934	8.233898064121604
1684761560931934	8.176065583800664
1684761560935935	8.227113247994566
1684761560938934	8.233251891157124
1684761560942936	8.232605718192644
1684761560945936	8.230344112816965
1684761560948934	8.21838991297409
1684761560951934	8.18866595660802
1684761560955935	8.224205469654407
1684761560958935	8.238098188390722
1684761560961934	8.21742065352737
1684761560965934	8.236805842461763
1684761560969935	8.122756314231083
1684761560972935	8.224851642618887
1684761560975934	8.227436334476806
1684761560979934	8.238744361355202
1684761560982934	8.233251891157124
1684761560985934	8.233251891157124
1684761560989936	8.229374853370246
1684761560992934	8.21774374000961
1684761560996250	8.227113247994566
1684761560999936	8.237452015426243
1684761561003638	8.236482755979523
1684761561006935	8.240682880248642
1684761561009935	8.192219907912659
1684761561012934	8.239713620801922
1684761561016936	8.240359793766402
1684761561019935	8.239067447837442
1684761561022934	7.947320354374824
1684761561025935	8.226790161512326
1684761561029936	8.231313372263685
1684761561032934	8.238098188390722
1684761561035935	8.24585226396448
1684761561039934	8.24294448562432
1684761561042937	8.228728680405766
1684761561045934	8.225174729101127
1684761561048934	8.227759420959046
1684761561052934	8.229374853370246
1684761561055934	8.24649843692896
1684761561059935	8.234544237086084
1684761561062935	8.228082507441286
1684761561065934	8.230344112816965
1684761561068934	8.232605718192644
1684761561072936	8.13277199518052
1684761561075934	8.248436955822399
1684761561078934	8.24746769637568
1684761561081934	7.87365663642413
1684761561085935	8.230021026334725
1684761561088934	8.241005966730881
1684761561091935	8.209666577953612
1684761561095936	8.251021647680318
1684761561098935	8.237128928944003
1684761561101935	8.241329053213121
1684761561106048	8.227436334476806
1684761561108935	8.240682880248642
1684761561111934	8.239067447837442
1684761561115936	8.250698561198078
1684761561118935	8.249729301751358
1684761561121934	8.21709756704513
1684761561125936	8.234544237086084
1684761561128935	8.249406215269119
1684761561131934	8.252313993609278
1684761561135936	8.237775101908483
1684761561138936	8.240359793766402
1684761561142936	8.24649843692896
1684761561145934	8.248760042304639
1684761561148934	8.251021647680318
1684761561151934	8.231959545228165
1684761561155934	8.252313993609278
1684761561158936	8.249406215269119
1684761561162936	8.2468215234112
1684761561165934	8.238098188390722
1684761561169936	8.24779078285792
1684761561172934	8.231959545228165
1684761561175934	8.241975226177601
1684761561178934	8.24391374507104
1684761561182936	8.229051766888006
1684761561187027	8.227436334476806
1684761561189935	8.220651518349769
1684761561192934	8.220651518349769
1684761561196936	8.248113869340159
1684761561199935	8.241652139695361
1684761561202934	8.233898064121604
1684761561206934	8.241329053213121
1684761561209934	8.257483377325116
1684761561212934	8.24585226396448
1684761561216935	8.248760042304639
1684761561219934	8.24649843692896
1684761561222935	8.2435906585888
1684761561225934	8.237452015426243
1684761561229936	8.191250648465939
1684761561232934	8.230667199299205
1684761561235934	8.24455991803552
1684761561239935	8.07170865003718
1684761561242935	8.239713620801922
1684761561246934	8.24326757210656
1684761561249935	8.24552917748224
1684761561252935	8.2435906585888
1684761561256936	8.238421274872962
1684761561259935	8.163465210993309
1684761561262935	8.226790161512326
1684761561265934	8.24391374507104
1684761561269934	8.230667199299205
1684761561272935	8.207404972577933
1684761561275935	8.231636458745925
1684761561278935	8.24488300451776
1684761561282934	8.240036707284162
1684761561285934	8.241652139695361
1684761561288935	8.2435906585888
1684761561291934	8.202235588862095
1684761561295935	8.236805842461763
1684761561298936	8.245206091
1684761561302936	8.230344112816965
1684761561305934	8.232282631710405
1684761561308934	8.245206091
1684761561312934	8.222266950760968
1684761561315935	8.241652139695361
1684761561318934	8.2435906585888
1684761561323663	8.229697939852485
1684761561328936	8.24488300451776
1684761561331935	8.24455991803552
1684761561334934	7.755406983924331
1684761561338936	8.237775101908483
1684761561341935	8.231313372263685
1684761561344935	8.180265708069783
1684761561347934	8.236159669497283
1684761561351934	8.212897442776011
1684761561354934	8.232605718192644
1684761561358996	8.248113869340159
1684761561361934	8.238098188390722
1684761561365936	8.231636458745925
1684761561369154	8.251344734162558
1684761561372936	8.207081886095693
1684761561375935	8.234867323568324
1684761561378934	8.241329053213121
1684761561382936	7.993844807817368
1684761561385935	8.24552917748224
1684761561388935	8.238421274872962
1684761561392935	8.234867323568324
1684761561395934	8.235190410050564
1684761561398934	8.235513496532803
1684761561401934	8.233574977639364
1684761561405936	8.24649843692896
1684761561408935	8.241652139695361
1684761561411934	8.203851021273294
1684761561415936	8.239067447837442
1684761561418934	8.24294448562432
1684761561422934	8.1285718709114
1684761561425935	8.227436334476806
1684761561428934	8.230344112816965
1684761561431934	8.209343491471373
1684761561435936	8.232605718192644
1684761561438934	8.252960166573757
1684761561442936	8.230344112816965
1684761561445934	8.228728680405766
1684761561448935	8.221620777796488
1684761561451934	8.21903608593857
1684761561454934	8.226467075030087
1684761561458936	8.235190410050564
1684761561461935	8.240036707284162
1684761561464934	8.10272495233221
1684761561468934	8.213543615740491
1684761561472720	8.240359793766402
1684761561476526	8.249083128786879
1684761561479936	8.24552917748224
1684761561483934	8.232282631710405
1684761561486934	8.231313372263685
1684761561490936	8.24746769637568
1684761561493935	8.24391374507104
1684761561496955	8.248436955822399
1684761561499934	8.238098188390722
1684761561503935	8.239390534319682
1684761561506934	8.239067447837442
1684761561509935	8.096586309169652
1684761561512934	8.229374853370246
1684761561516934	8.24423683155328
1684761561519934	8.237452015426243
1684761561523936	8.118556189961964
1684761561526934	8.228405593923526
1684761561529934	8.234544237086084
1684761561533935	8.21515904815169
1684761561536934	8.24391374507104
1684761561539934	8.179942621587543
1684761561542935	8.240359793766402
1684761561546935	8.24326757210656
1684761561549936	8.231636458745925
1684761561552934	8.237775101908483
1684761561556936	8.240682880248642
1684761561559935	8.239713620801922
1684761561562935	8.245206091
1684761561565934	8.229697939852485
1684761561569934	8.201589415897615
1684761561572934	8.240036707284162
1684761561576936	8.249406215269119
1684761561579935	8.229374853370246
1684761561582934	8.230021026334725
1684761561586936	8.2468215234112
1684761561589935	8.235836583015043
1684761561592934	8.250375474715838
1684761561596954	8.236482755979523
1684761561599935	8.229697939852485
1684761561602934	8.231313372263685
1684761561606937	8.236482755979523
1684761561609934	8.201912502379855
1684761561612935	8.233251891157124
1684761561616934	8.238421274872962
1684761561619935	8.24294448562432
1684761561623935	8.164111383957788
1684761561626934	8.239067447837442
1684761561629934	8.209989664435852
1684761561632934	8.224205469654407
1684761561636934	8.276545479777269
1684761561639934	8.240036707284162
1684761561643977	8.234544237086084
1684761561646934	8.233898064121604
1684761561649934	8.207728059060173
1684761561652934	8.233574977639364
1684761561656936	8.231636458745925
1684761561659993	8.24649843692896
1684761561662934	8.24294448562432
1684761561666936	8.242298312659841
1684761561669934	8.221943864278728
1684761561672934	8.240682880248642
1684761561676936	8.238098188390722
1684761561679934	8.24585226396448
1684761561682935	8.241975226177601
1684761561685934	8.2435906585888
1684761561689936	8.220974604832008
1684761561692935	8.177681016211864
1684761561695934	8.237452015426243
1684761561699936	8.24423683155328
1684761561702936	8.24294448562432
1684761561705934	8.236159669497283
1684761561709936	8.233251891157124
1684761561712949	8.238098188390722
1684761561715934	8.24714460989344
1684761561719936	8.24423683155328
1684761561722936	8.24455991803552
1684761561725935	8.24714460989344
1684761561728934	8.204174107755534
1684761561732934	8.24585226396448
1684761561735934	8.241652139695361
1684761561739935	8.234221150603844
1684761561742934	8.229374853370246
1684761561746934	8.245206091
1684761561749936	8.195450772735057
1684761561752935	8.235836583015043
1684761561756934	8.206758799613453
1684761561759934	8.242298312659841
1684761561762935	8.228082507441286
1684761561766935	8.229051766888006
1684761561769934	8.24455991803552
1684761561773936	8.179619535105303
1684761561776935	8.235513496532803
1684761561779934	8.229374853370246
1684761561783936	8.230021026334725
1684761561786934	8.230990285781445
1684761561789935	8.220328431867529
1684761561792934	8.182527313445462
1684761561796936	8.239713620801922
1684761561799935	8.242621399142081
1684761561802935	8.24488300451776
1684761561805934	8.2468215234112
1684761561809935	8.241005966730881
1684761561812934	8.232928804674884
1684761561816936	8.251021647680318
1684761561819936	8.220974604832008
1684761561822934	8.228405593923526
1684761561826936	8.24585226396448
1684761561829934	8.234221150603844
1684761561833936	8.211928183329292
1684761561836934	8.239390534319682
1684761561839934	8.24326757210656
1684761561843936	8.154418789490592
1684761561846999	8.238421274872962
1684761561849934	8.234867323568324
1684761561853936	8.226790161512326
1684761561856812	8.24585226396448
1684761561859820	8.249083128786879
1684761561863819	8.233898064121604
1684761561867034	8.24455991803552
1684761561870906	8.240036707284162
1684761561874821	8.235513496532803
1684761561877821	8.24326757210656
1684761561880819	8.24552917748224
1684761561883819	8.234867323568324
1684761561887820	8.24649843692896
1684761561890819	8.231959545228165
1684761561894821	8.232605718192644
1684761561897820	8.240682880248642
1684761561900819	8.229697939852485
1684761561903819	8.211928183329292
1684761561907821	8.231636458745925
1684761561910820	8.233898064121604
1684761561913820	8.21903608593857
1684761561917821	8.250052388233598
1684761561920820	8.230990285781445
1684761561923819	8.232282631710405
1684761561927822	8.230344112816965
1684761561930822	8.21677448056289
1684761561935823	8.234544237086084
1684761561939824	8.234221150603844
1684761561942821	8.24326757210656
1684761561945819	8.242621399142081
1684761561950822	8.254575598984957
1684761561953821	8.205789540166734
1684761561956819	8.249729301751358
1684761561960825	8.24746769637568
1684761561964826	8.231959545228165
1684761561967820	8.231636458745925
1684761561970819	8.181558053998742
1684761561974821	8.252313993609278
1684761561977819	8.234544237086084
1684761561981822	8.15764965431299
1684761561984820	8.236159669497283
1684761561987819	8.238744361355202
1684761561991820	8.239713620801922
1684761561994819	8.24326757210656
1684761561997820	8.24391374507104
1684761562001820	8.233898064121604
1684761562004819	8.233898064121604
1684761562008822	8.253606339538237
1684761562011819	8.24779078285792
1684761562015821	8.238744361355202
1684761562018819	8.245206091
1684761562021819	8.24617535044672
1684761562025821	8.253606339538237
1684761562028820	8.254575598984957
1684761562032822	8.24455991803552
1684761562035821	8.250375474715838
1684761562038820	8.259744982700795
1684761562041819	8.250375474715838
1684761562045821	8.24423683155328
1684761562048819	8.250375474715838
1684761562052822	8.251021647680318
1684761562055821	8.240682880248642
1684761562059822	8.192542994394898
1684761562064822	8.206112626648974
1684761562067819	8.24585226396448
1684761562070819	8.234221150603844
1684761562074880	8.263622020487674
1684761562077820	8.263945106969913
1684761562080819	8.21742065352737
1684761562084882	8.251021647680318
1684761562087820	8.261037328629754
1684761562091821	8.239390534319682
1684761562094819	8.241005966730881
1684761562098821	8.24585226396448
1684761562101820	8.257160290842876
1684761562104819	8.258775723254075
1684761562107819	8.264591279934393
1684761562111821	8.24488300451776
1684761562114821	8.256514117878396
1684761562117820	8.257806463807356
1684761562120820	8.237128928944003
1684761562124822	8.21418978870497
1684761562127821	8.24391374507104
1684761562130819	8.255544858431676
1684761562133819	8.230021026334725
1684761562137821	8.266529798827833
1684761562140820	8.266206712345593
1684761562143819	8.259098809736315
1684761562147820	8.249729301751358
1684761562150844	8.268145231239032
1684761562153819	8.269760663650231
1684761562156819	8.268468317721272
1684761562160821	8.267822144756792
1684761562163819	8.268468317721272
1684761562166820	8.254898685467197
1684761562170821	8.257160290842876
1684761562173821	8.227113247994566
1684761562176819	8.253606339538237
1684761562179819	8.254898685467197
1684761562183821	8.267499058274552
1684761562186819	8.266529798827833
1684761562189820	8.223559296689928
1684761562192819	8.251667820644798
1684761562196820	8.268791404203512
1684761562199819	8.252960166573757
1684761562202819	8.224528556136647
1684761562205819	8.254252512502717
1684761562209821	8.262006588076474
1684761562213466	8.24455991803552
1684761562215819	8.279130171635188
1684761562219821	8.278807085152948
1684761562222821	8.278160912188469
1684761562225819	8.277191652741749
1684761562229822	8.265560539381113
1684761562232821	8.24326757210656
1684761562235820	8.27266844199039
1684761562238820	8.269114490685752
1684761562241819	8.27299152847263
1684761562246348	8.276868566259509
1684761562248820	8.27202226902591
1684761562252821	8.279776344599668
1684761562255819	8.285591901279986
1684761562258819	8.288822766102385
1684761562262821	8.27234535550815
1684761562265819	8.27331461495487
1684761562268819	8.283007209422067
1684761562272821	8.250698561198078
1684761562275820	8.27331461495487
1684761562280336	8.292376717407024
1684761562284822	8.27525313384831
1684761562289821	8.254252512502717
1684761562293820	8.263622020487674
1684761562297822	8.294638322782703
1684761562301822	8.256514117878396
1684761562305822	8.277837825706229
1684761562310133	8.255544858431676
1684761562313821	8.299807706498541
1684761562317820	8.297546101122862
1684761562321822	8.286561160726706
1684761562326071	8.298192274087342
1684761562331820	8.298192274087342
1684761562335822	8.283330295904307
1684761562339822	8.211605096847052
1684761562342821	8.297546101122862
1684761562346821	8.296899928158382
1684761562350820	8.288822766102385
1684761562354822	8.289468939066865
1684761562358893	8.297223014640622
1684761562362824	8.176065583800664
1684761562366822	8.287853506655665
1684761562370820	8.266206712345593
1684761562374820	8.278807085152948
1684761562377819	8.30336165780318
1684761562381821	8.289468939066865
1684761562384819	8.257806463807356
1684761562387819	8.286561160726706
1684761562391822	8.27493004736607
1684761562394820	8.30174622539198
1684761562397819	8.305946349661099
1684761562401821	8.226143988547847
1684761562404881	8.293022890371503
1684761562407819	8.293345976853743
1684761562411821	8.286238074244466
1684761562414820	8.30142313890974
1684761562417819	8.305946349661099
1684761562421820	8.294961409264943
1684761562424820	8.278483998670708
1684761562427819	8.310469560412457
1684761562431822	8.174450151389465
1684761562434819	8.308207955036778
1684761562437819	8.310469560412457
1684761562441821	8.298838447051821
1684761562444819	8.30400783076766
1684761562447820	8.308531041519018
1684761562451820	8.315962030610535
1684761562454820	8.322746846737573
1684761562457820	8.314023511717096
1684761562460819	8.316285117092775
1684761562464822	8.316285117092775
1684761562467819	8.311115733376937
1684761562470820	8.282684122939827
1684761562473819	8.298838447051821
1684761562477883	8.32888548990013
1684761562480819	8.317577463021735
1684761562483819	8.307884868554538
1684761562487819	8.324039192666532
1684761562490819	8.278160912188469
1684761562494820	8.312084992823657
1684761562497819	8.316608203575015
1684761562500819	8.318546722468454
1684761562504821	8.322746846737573
1684761562507819	8.320162154879654
1684761562510821	8.323716106184293
1684761562513819	8.319839068397414
1684761562517819	8.323393019702053
1684761562520819	8.321131414326373
1684761562524821	8.318546722468454
1684761562527821	8.33243944120477
1684761562530819	8.317900549503975
1684761562533819	8.310792646894697
1684761562537821	8.333731787133729
1684761562540820	8.33017783582909
1684761562543820	8.318546722468454
1684761562546819	8.335024133062689
1684761562551820	8.310146473930217
1684761562554820	8.328239316935651
1684761562557820	8.334701046580449
1684761562561821	8.318546722468454
1684761562564820	8.287853506655665
1684761562567819	8.318869808950694
1684761562570819	8.323069933219813
1684761562573819	8.314023511717096
1684761562577820	8.335024133062689
1684761562580819	8.320485241361894
1684761562583819	7.826162923534866
1684761562587821	8.334054873615969
1684761562590820	8.321454500808613
1684761562593819	8.287530420173425
1684761562598190	8.339870430296287
1684761562601822	8.328239316935651
1684761562606086	8.338578084367327
1684761562610822	8.277191652741749
1684761562615164	8.326300798042212
1684761562618822	8.32985474934685
1684761562623822	8.343101295118686
1684761562627822	8.33276252768701
1684761562631822	8.340516603260767
1684761562635820	8.319515981915174
1684761562640154	8.315315857646056
1684761562643821	8.343101295118686
1684761562647822	8.33243944120477
1684761562650820	8.264591279934393
1684761562654820	8.352147716621403
1684761562659822	8.33147018175805
1684761562663822	8.348916851799004
1684761562667822	8.342778208636446
1684761562670820	8.340516603260767
1684761562673819	8.290115112031344
1684761562677820	8.342778208636446
1684761562680820	8.346655246423325
1684761562683819	8.33308561416925
1684761562687834	8.337608824920608
1684761562690820	8.343101295118686
1684761562695258	8.266206712345593
1684761562699128	8.347947592352284
1684761562701819	8.356024754408281
1684761562705820	8.344070554565405
1684761562708820	8.35764018681948
1684761562712819	8.322746846737573
1684761562716822	8.346009073458845
1684761562719822	8.354086235514842
1684761562722819	8.353763149032602
1684761562726821	8.347301419387804
1684761562729819	8.316608203575015
1684761562732819	8.3602248786774
1684761562736821	8.36151722460636
1684761562740038	8.348593765316764
1684761562743821	8.3618403110886
1684761562746820	8.354409321997082
1684761562750820	8.277191652741749
1684761562753820	8.348270678834524
1684761562756877	8.348593765316764
1684761562759819	8.346978332905564
1684761562763821	8.346978332905564
1684761562766819	8.351501543656923
1684761562769820	8.366363521839958
1684761562772830	8.36119413812412
1684761562776821	8.3602248786774
1684761562779820	8.353763149032602
1684761562782819	8.347624505870044
1684761562786821	8.36119413812412
1684761562789820	8.365071175910998
1684761562792819	8.346009073458845
1684761562796820	8.363455743499799
1684761562799819	8.36151722460636
1684761562803905	8.364748089428758
1684761562806821	8.368302040733397
1684761562809820	8.211282010364812
1684761562812820	8.298192274087342
1684761562816819	8.36151722460636
1684761562819820	8.368625127215637
1684761562822819	8.36216339757084
1684761562826821	8.18963521605474
1684761562829822	8.375733029824914
1684761562832821	8.373148337966995
1684761562835819	8.362486484053079
1684761562839820	8.356347840890521
1684761562842820	8.35990179219516
1684761562845819	8.224851642618887
1684761562849821	8.363778829982039
1684761562852819	8.367978954251157
1684761562856821	8.367655867768917
1684761562859822	8.364748089428758
1684761562862819	8.376056116307154
1684761562865819	8.376056116307154
1684761562869821	8.382517845951952
1684761562872820	8.364425002946518
1684761562875819	8.372179078520276
1684761562879821	8.366363521839958
1684761562882822	8.369271300180117
1684761562885820	8.377671548718354
1684761562888819	8.371532905555796
1684761562892819	8.381225500022992
1684761562895821	8.364748089428758
1684761562898822	8.36087105164188
1684761562902821	8.334377960098209
1684761562905819	8.382194759469712
1684761562908821	8.385425624292111
1684761562912821	8.408687851013383
1684761562916821	8.392856613383628
1684761562919822	8.38801031615003
1684761562922820	8.324362279148772
1684761562925819	8.380579327058513
1684761562929822	8.401256861921865
1684761562933350	8.377348462236114
1684761562935819	8.390918094490189
1684761562938821	8.38962574856123
1684761562942821	8.365394262393238
1684761562945820	8.374763770378195
1684761562948820	8.376379202789394
1684761562952821	8.297546101122862
1684761562955819	8.396733651170507
1684761562958819	8.395118218759308
1684761562962820	8.400933775439626
1684761562966820	8.395118218759308
1684761562969821	8.400933775439626
1684761562972820	8.391887353936909
1684761562975819	8.38607179725659
1684761562980090	8.335347219544929
1684761562982819	8.394148959312588
1684761562985819	8.393825872830348
1684761562989821	8.395118218759308
1684761562992821	8.363455743499799
1684761562996818	8.39059500800795
1684761562999821	8.396087478206027
1684761563003755	8.38865648911451
1684761563006879	8.38833340263227
1684761563009821	8.38671797022107
1684761563012818	8.397702910617227
1684761563016821	8.401903034886345
1684761563019820	8.396410564688267
1684761563022819	8.38671797022107
1684761563026821	8.400610688957386
1684761563029820	8.406426245637704
1684761563032819	8.407395505084423
1684761563036821	8.401903034886345
1684761563039820	8.351178457174683
1684761563043142	8.38962574856123
1684761563046821	8.38962574856123
1684761563049821	8.38897957559675
1684761563052820	8.377348462236114
1684761563057100	8.393502786348108
1684761563060820	8.402872294333065
1684761563063824	8.38930266207899
1684761563066819	8.391241180972429
1684761563069819	8.400287602475146
1684761563073820	8.41514958065818
1684761563076820	8.402872294333065
1684761563079822	8.401256861921865
1684761563083819	8.404487726744264
1684761563086819	8.403195380815305
1684761563089819	8.38865648911451
1684761563093821	8.420642050856259
1684761563096820	8.420965137338499
1684761563099819	8.411595629353542
1684761563102819	8.404164640262024
1684761563106820	8.407072418602183
1684761563110878	8.406426245637704
1684761563113819	8.38833340263227
1684761563116819	8.41676501306938
1684761563120821	8.414180321211461
1684761563123820	8.370563646109076
1684761563127821	8.41482649417594
1684761563130820	8.399964515992906
1684761563134821	8.395441305241548
1684761563137821	8.408041678048903
1684761563140820	8.41547266714042
1684761563144821	8.397702910617227
1684761563147820	8.408041678048903
1684761563150819	8.405456986190984
1684761563154818	8.38736414318555
1684761563157822	8.429042299394496
1684761563161820	8.426780694018817
1684761563164819	8.41870353196282
1684761563168821	8.419995877891779
1684761563171819	8.430980818287935
1684761563174819	8.423226742714178
1684761563178822	8.428073039947776
1684761563181821	8.420318964374019
1684761563184820	8.41644192658714
1684761563187820	8.430980818287935
1684761563190819	8.435827115521533
1684761563194821	8.41514958065818
1684761563197820	8.435180942557054
1684761563200819	8.375409943342675
1684761563204821	8.405780072673224
1684761563207819	8.41902661844506
1684761563211819	8.430334645323455
1684761563214819	8.44325810461305
1684761563218822	8.426780694018817
1684761563221821	8.433242423663614
1684761563224819	8.425488348089857
1684761563228822	8.424842175125377
1684761563231822	8.38865648911451
1684761563234819	8.442611931648571
1684761563237819	8.438411807379453
1684761563241822	8.327593143971171
1684761563244821	8.41579575362266
1684761563247819	8.426134521054337
1684761563250819	8.432596250699135
1684761563254821	8.425165261607617
1684761563257821	8.426134521054337
1684761563260819	8.426134521054337
1684761563263819	8.432596250699135
1684761563267822	8.439381066826172
1684761563270845	8.421288223820738
1684761563273819	8.430011558841215
1684761563277821	8.433888596628094
1684761563280866	8.435827115521533
1684761563283819	8.35796327330172
1684761563287820	8.440027239790652
1684761563290819	7.876564414764289
1684761563293819	8.412564888800262
1684761563297821	8.432596250699135
1684761563300821	8.434211683110334
1684761563303820	8.36216339757084
1684761563307821	8.44487353702425
1684761563310821	8.440673412755132
1684761563313821	8.402872294333065
1684761563316819	8.433242423663614
1684761563320821	8.356994013855001
1684761563325100	8.439381066826172
1684761563328822	8.432919337181374
1684761563331820	8.44616588295321
1684761563334820	8.452627612598008
1684761563338821	8.455212304455927
1684761563341822	8.436796374968253
1684761563344820	8.425165261607617
1684761563347819	8.438088720897213
1684761563351820	8.420965137338499
1684761563354819	8.44519662350649
1684761563358820	8.442611931648571
1684761563361846	8.433565510145854
1684761563364820	8.442288845166331
1684761563368821	8.452950699080247
1684761563371820	8.457150823349366
1684761563374820	8.461027861136245
1684761563377819	8.454889217973687
1684761563381822	8.21483596166945
1684761563384819	8.454889217973687
1684761563387819	8.458766255760565
1684761563391821	8.433242423663614
1684761563394820	8.463289466511924
1684761563397819	8.452950699080247
1684761563401822	8.36119413812412
1684761563404819	8.461350947618484
1684761563407819	8.455212304455927
1684761563410820	8.469751196156722
1684761563414821	8.44713514239993
1684761563417820	8.471043542085681
1684761563420819	8.402872294333065
1684761563423819	8.461674034100724
1684761563427821	8.458120082796086
1684761563430819	8.427749953465536
1684761563433819	8.400610688957386
1684761563436819	8.469105023192242
1684761563440821	8.412241802318022
1684761563443820	8.468135763745522
1684761563446820	8.464904898923123
1684761563450821	8.465227985405363
1684761563453820	8.448427488328889
1684761563456819	8.468458850227762
1684761563460821	8.420642050856259
1684761563463820	8.442611931648571
1684761563466819	8.47427440690808
1684761563470824	8.44810440184665
1684761563473820	8.453919958526967
1684761563476820	8.462643293547444
1684761563479820	8.410949456389062
1684761563483878	8.463612552994164
1684761563486820	8.467812677263282
1684761563489821	8.47233588801464
1684761563493821	8.479766877106158
1684761563496819	8.477828358212719
1684761563499821	8.449719834257849
1684761563503821	8.38671797022107
1684761563506819	8.468135763745522
1684761563509819	8.463935639476404
1684761563513821	8.430334645323455
1684761563516819	8.469428109674482
1684761563519819	8.437119461450493
1684761563523821	8.480736136552878
1684761563526820	8.479766877106158
1684761563529820	8.467812677263282
1684761563533821	8.460704774654005
1684761563536819	8.487844039162155
1684761563539819	8.47427440690808
1684761563543819	8.467166504298802
1684761563546819	8.467489590781042
1684761563549920	8.430011558841215
1684761563553821	8.479443790623918
1684761563556821	8.489782558055595
1684761563559820	8.470074282638961
1684761563563820	8.469751196156722
1684761563567822	8.476859098765999
1684761563570820	8.491721076949034
1684761563573819	8.492367249913514
1684761563577820	8.491397990466794
1684761563580820	8.451012180186808
1684761563584821	8.4752436663548
1684761563587821	8.494628855289193
1684761563590819	8.479443790623918
1684761563593819	8.47621292580152
1684761563597880	8.477505271730479
1684761563600819	8.490105644537834
1684761563605008	8.4193497049273
1684761563608594	8.4752436663548
1684761563611924	8.469428109674482
1684761563615356	8.506259968649829
1684761563617819	8.492044163431274
1684761563621822	8.486551693233196
1684761563624819	8.487844039162155
1684761563627819	8.482997741928557
1684761563630819	8.44551970998873
1684761563634821	8.455212304455927
1684761563637821	8.485259347304236
1684761563640819	8.485582433786476
1684761563643819	8.489782558055595
1684761563646819	8.494628855289193
1684761563650821	8.486228606750956
1684761563653820	8.496567374182632
1684761563656819	8.50205984438071
1684761563660820	8.50205984438071
1684761563663819	8.499798239005031
1684761563667820	8.490105644537834
1684761563670819	8.498182806593832
1684761563674821	8.507875401061028
1684761563677820	8.50496762272087
1684761563680820	8.488490212126635
1684761563683820	8.413211061764741
1684761563687821	8.489136385091115
1684761563690819	8.47395132042584
1684761563693819	8.481705395999597
1684761563697821	8.50432144975639
1684761563700820	8.493013422877993
1684761563703819	8.460058601689525
1684761563707822	8.50432144975639
1684761563710821	8.519506514421664
1684761563714821	8.500121325487271
1684761563717820	8.497536633629352
1684761563720820	8.453596872044727
1684761563724821	8.509490833472228
1684761563727955	8.505936882167589
1684761563730819	8.498182806593832
1684761563734821	8.50141367141623
1684761563737819	8.50270601734519
1684761563740820	8.425811434572097
1684761563743819	8.50432144975639
1684761563747820	8.514983303670306
1684761563750819	8.509167746989988
1684761563753819	8.488490212126635
1684761563757821	8.50302910382743
1684761563760820	8.50529070920311
1684761563763819	8.512398611812387
1684761563767821	8.513044784776866
1684761563770821	8.506259968649829
1684761563773819	8.50302910382743
1684761563777849	8.509167746989988
1684761563780821	8.511106265883427
1684761563783820	8.460704774654005
1684761563786819	8.520475773868384
1684761563790821	8.499152066040551
1684761563793819	8.511106265883427
1684761563796819	8.508521574025508
1684761563800821	8.521121946832864
1684761563803819	8.484613174339756
1684761563806821	8.519506514421664
1684761563809819	8.515306390152546
1684761563813819	8.338578084367327
1684761563817879	8.525322071101982
1684761563820820	8.525968244066462
1684761563824821	8.527260589995421
1684761563827821	8.523060465726303
1684761563830819	8.528876022406621
1684761563833819	8.524029725173023
1684761563837822	8.526937503513182
1684761563840820	8.471043542085681
1684761563843821	8.518537254974945
1684761563847821	8.518860341457184
1684761563850821	8.497536633629352
1684761563853877	8.520475773868384
1684761563857821	8.526614417030942
1684761563860819	8.515306390152546
1684761563863820	8.44616588295321
1684761563866819	8.517567995528225
1684761563870821	8.482351568964077
1684761563873820	8.521121946832864
1684761563877821	8.521121946832864
1684761563880821	8.525968244066462
1684761563883819	8.5327530601935
1684761563887878	8.524352811655262
1684761563890820	8.524998984619742
1684761563894821	8.524029725173023
1684761563897820	8.540830222249497
1684761563900821	8.495598114735913
1684761563904821	8.523383552208543
1684761563907821	8.53242997371126
1684761563910820	8.505613795685349
1684761563915220	8.541799481696216
1684761563919188	8.528876022406621
1684761563922891	8.544384173554135
1684761563925963	8.241005966730881
1684761563928819	8.53146071426454
1684761563932821	8.523060465726303
1684761563935820	8.528876022406621
1684761563939820	8.53210688722902
1684761563942820	8.431950077734655
1684761563945819	8.539860962802777
1684761563948822	8.535660838533659
1684761563952881	8.545676519483095
1684761563955820	8.544384173554135
1684761563958819	8.542445654660696
1684761563961819	8.534368492604699
1684761563965821	8.527583676477661
1684761563968819	8.519183427939424
1684761563971819	8.53339923315798
1684761563974819	8.427103780501056
1684761563978888	8.53339923315798
1684761563981820	8.508844660507748
1684761563985822	8.534045406122459
1684761563988820	8.538568616873818
1684761563992820	8.552461335610133
1684761563996171	8.545999605965335
1684761563998819	8.535014665569179
1684761564002876	8.545353433000855
1684761564005820	8.539860962802777
1684761564008819	8.527583676477661
1684761564012822	8.155711135419551
1684761564015820	8.537599357427098
1684761564018820	8.538568616873818
1684761564021819	8.540830222249497
1684761564025822	8.540184049285017
1684761564028821	8.548584297823254
1684761564031819	8.550199730234453
1684761564034820	8.541799481696216
1684761564038821	8.537922443909338
1684761564042822	8.542445654660696
1684761564045820	8.535660838533659
1684761564048819	8.539214789838297
1684761564052820	8.4736282339436
1684761564055820	8.549876643752214
1684761564058820	8.541153308731737
1684761564062822	8.490751817502314
1684761564065820	8.537276270944858
1684761564068820	8.528229849442141
1684761564071819	8.50173675789847
1684761564075821	8.544707260036375
1684761564078821	8.553430595056852
1684761564081819	8.553430595056852
1684761564084819	8.554399854503572
1684761564088821	8.555369113950292
1684761564091820	8.556661459879251
1684761564094820	8.55956923821941
1684761564098822	8.55827689229045
1684761564101821	8.552461335610133
1684761564104820	8.551168989681173
1684761564108820	8.56150775711285
1684761564112822	8.556015286914771
1684761564115821	8.316931290057255
1684761564118820	8.545030346518615
1684761564122599	8.557307632843731
1684761564125820	8.555046027468052
1684761564128819	8.545999605965335
1684761564132820	8.563123189524049
1684761564135819	8.56118467063061
1684761564139821	8.540830222249497
1684761564142820	8.544061087071896
1684761564145819	8.552461335610133
1684761564149822	8.434534769592574
1684761564152819	7.861379350099014
1684761564156821	8.551492076163413
1684761564159819	8.541153308731737
1684761564163821	8.540507135767257
1684761564166820	8.452627612598008
1684761564170084	8.551492076163413
1684761564173821	8.56021541118389
1684761564176821	8.56021541118389
1684761564179820	8.547615038376534
1684761564182819	8.544384173554135
1684761564186821	8.542768741142936
1684761564189820	8.527260589995421
1684761564192819	8.510460092918947
1684761564196821	8.548261211341014
1684761564199819	8.492690336395754
1684761564202819	8.515952563117025
1684761564206821	8.540184049285017
1684761564209819	8.538568616873818
1684761564212819	8.55827689229045
1684761564217317	8.541153308731737
1684761564219819	8.542122568178456
1684761564223821	8.540507135767257
1684761564226822	8.547938124858774
1684761564229820	8.556984546361491
1684761564232854	8.540507135767257
1684761564236820	8.542122568178456
1684761564239820	8.492044163431274
1684761564242819	8.539537876320537
1684761564246821	8.551492076163413
1684761564249820	8.549553557269974
1684761564252820	8.512398611812387
1684761564255819	8.556338373397011
1684761564259822	8.551815162645653
1684761564262941	8.549553557269974
1684761564265820	8.549230470787734
1684761564269821	8.541153308731737
1684761564272819	8.550845903198933
1684761564275819	8.528876022406621
1684761564279848	8.507229228096548
1684761564282840	8.538245530391578
1684761564285820	8.538568616873818
1684761564288819	8.542445654660696
1684761564292819	8.55763071932597
1684761564295820	8.556661459879251
1684761564298819	8.555369113950292
1684761564301819	8.552784422092373
1684761564305820	8.544707260036375
1684761564309821	8.556661459879251
1684761564312820	8.547615038376534
1684761564315821	8.544707260036375
1684761564319821	8.553753681539092
1684761564322820	8.550199730234453
1684761564331072	8.555692200432532
1684761564335822	8.55827689229045
1684761564339820	8.543414914107416
1684761564343822	8.546645778929815
1684761564347821	8.556661459879251
1684761564351820	8.53146071426454
1684761564355820	8.541153308731737
1684761564360820	8.554722940985812
1684761564364822	8.52919910888886
1684761564368822	8.55924615173717
1684761564372822	8.378640808165073
1684761564375821	8.546645778929815
1684761564378819	8.537599357427098
1684761564382821	8.552784422092373
1684761564385821	8.33050092231133
1684761564388820	8.548907384305494
1684761564391819	8.544707260036375
1684761564395821	8.535660838533659
1684761564398820	8.548261211341014
1684761564401819	8.424519088643137
1684761564406206	8.544384173554135
1684761564408820	8.542122568178456
1684761564411819	8.540184049285017
1684761564415882	8.53307614667574
1684761564418819	8.553107508574612
1684761564421819	8.551492076163413
1684761564425909	8.544707260036375
1684761564428819	8.536953184462618
1684761564431819	8.548261211341014
1684761564435917	8.553107508574612
1684761564438819	8.539214789838297
1684761564442822	8.535014665569179
1684761564445819	8.537276270944858
1684761564448821	8.537922443909338
1684761564451819	8.50173675789847
1684761564454820	8.540830222249497
1684761564457820	8.540830222249497
1684761564461821	8.542122568178456
1684761564464821	8.552138249127893
1684761564468821	8.53372231964022
1684761564471821	8.554722940985812
1684761564474820	8.493982682324713
1684761564477819	8.552138249127893
1684761564480819	8.546968865412055
1684761564484821	8.539860962802777
1684761564487820	8.535983925015898
1684761564490821	8.545999605965335
1684761564493820	8.546322692447575
1684761564497821	8.550199730234453
1684761564500820	8.551815162645653
1684761564503819	8.542445654660696
1684761564507821	8.542768741142936
1684761564510820	8.543738000589656
1684761564513819	8.537599357427098
1684761564517821	8.545030346518615
1684761564520819	8.545676519483095
1684761564523819	8.454243045009207
1684761564527822	8.537922443909338
1684761564530821	8.53372231964022
1684761564533820	8.541799481696216
1684761564537821	8.548584297823254
1684761564540820	8.544061087071896
1684761564543823	8.553107508574612
1684761564546821	8.538891703356057
1684761564550821	8.537922443909338
1684761564553819	8.50205984438071
1684761564556819	8.544061087071896
1684761564560821	8.461674034100724
1684761564563919	8.541153308731737
1684761564566819	8.541476395213977
1684761564570821	8.522414292761823
1684761564573821	8.546645778929815
1684761564576821	8.544384173554135
1684761564580821	8.552461335610133
1684761564583819	8.509167746989988
1684761564586820	8.554076768021332
1684761564590821	8.479120704141678
1684761564593819	8.556015286914771
1684761564596819	8.550199730234453
1684761564600821	8.543738000589656
1684761564603822	8.5327530601935
1684761564606820	8.541476395213977
1684761564609819	8.490105644537834
1684761564613821	8.534368492604699
1684761564616820	8.55892306525493
1684761564619819	8.549230470787734
1684761564623820	8.499798239005031
1684761564626822	8.545676519483095
1684761564629819	8.524998984619742
1684761564633821	8.397056737652747
1684761564636821	8.546645778929815
1684761564639819	8.487844039162155
1684761564642819	8.543414914107416
1684761564646822	8.543091827625176
1684761564649819	8.550522816716693
1684761564653821	8.524675898137502
1684761564656821	8.542768741142936
1684761564659820	8.546322692447575
1684761564662820	8.535983925015898
1684761564666821	8.53049145481782
1684761564669820	8.53372231964022
1684761564672819	8.539860962802777
1684761564676821	8.550845903198933
1684761564679820	8.548907384305494
1684761564682820	8.544384173554135
1684761564685819	8.537276270944858
1684761564689821	8.536630097980378
1684761564692820	8.552461335610133
1684761564696884	8.548584297823254
1684761564699819	8.535983925015898
1684761564702819	8.523060465726303
1684761564706821	8.548907384305494
1684761564709820	8.50335219030967
1684761564712819	8.540830222249497
1684761564716821	8.551492076163413
1684761564719821	8.547938124858774
1684761564722819	8.537276270944858
1684761564725819	8.534045406122459
1684761564728819	8.535983925015898
1684761564732821	8.515952563117025
1684761564735819	8.551492076163413
1684761564738819	8.549230470787734
1684761564742821	8.542122568178456
1684761564745820	8.541153308731737
1684761564748819	8.543738000589656
1684761564751819	8.540830222249497
1684761564755822	8.535983925015898
1684761564758820	8.545353433000855
1684761564761819	8.548584297823254
1684761564765821	8.546322692447575
1684761564768819	8.539214789838297
1684761564772820	8.550199730234453
1684761564775819	8.551815162645653
1684761564779821	8.537276270944858
1684761564782821	8.53210688722902
1684761564786821	8.5327530601935
1684761564789819	8.485582433786476
1684761564792819	8.537599357427098
1684761564796821	8.551815162645653
1684761564799820	8.542445654660696
1684761564802820	8.538568616873818
1684761564805819	8.537276270944858
1684761564809822	8.535660838533659
1684761564812837	8.522414292761823
1684761564816881	8.550522816716693
1684761564819821	8.53339923315798
1684761564822819	8.538568616873818
1684761564826822	8.539537876320537
1684761564829821	8.548261211341014
1684761564833821	8.442611931648571
1684761564836820	8.543738000589656
1684761564839819	8.542122568178456
1684761564843821	8.399964515992906
1684761564846880	8.53339923315798
1684761564849819	8.548584297823254
1684761564853820	8.535983925015898
1684761564857048	8.535983925015898
1684761564861056	8.544061087071896
1684761564864056	8.547938124858774
1684761564867056	8.53081454130006
1684761564871054	8.538891703356057
1684761564875055	8.543738000589656
1684761564878056	8.549876643752214
1684761564882056	8.489782558055595
1684761564885056	7.92922751136939
1684761564888056	8.534691579086939
1684761564891054	8.463289466511924
1684761564895056	8.544707260036375
1684761564898054	8.538245530391578
1684761564902057	8.47395132042584
1684761564905055	8.528229849442141
1684761564908054	8.537599357427098
1684761564912056	8.549230470787734
1684761564915056	8.524352811655262
1684761564918056	8.551168989681173
1684761564921054	8.516598736081505
1684761564925054	8.496244287700392
1684761564928056	8.546968865412055
1684761564931054	8.551168989681173
1684761564935056	8.496567374182632
1684761564938057	8.551168989681173
1684761564941055	8.541799481696216
1684761564945058	8.53372231964022
1684761564949061	8.542122568178456
1684761564953057	8.548907384305494
1684761564956054	8.551168989681173
1684761564960057	8.515306390152546
1684761564963059	8.53081454130006
1684761564967057	8.542445654660696
1684761564970056	8.552138249127893
1684761564973056	8.515952563117025
1684761564977057	8.535983925015898
1684761564981056	8.47588983931928
1684761564984056	8.53242997371126
1684761564987054	8.541153308731737
1684761564991056	8.535983925015898
1684761564994055	8.549876643752214
1684761564998056	8.540507135767257
1684761565001660	8.549230470787734
1684761565005056	8.546322692447575
1684761565008055	8.537599357427098
1684761565012057	8.552461335610133
1684761565015056	8.55827689229045
1684761565018056	8.544061087071896
1684761565022172	8.538891703356057
1684761565025056	8.53307614667574
1684761565028056	8.543738000589656
1684761565031054	8.511429352365667
1684761565035056	8.554399854503572
1684761565038054	8.548907384305494
1684761565041054	8.545030346518615
1684761565045057	8.50076749845175
1684761565048056	8.539860962802777
1684761565051056	8.485905520268716
1684761565055057	8.556338373397011
1684761565058057	8.546968865412055
1684761565062232	8.549876643752214
1684761565065055	8.555046027468052
1684761565068056	8.544707260036375
1684761565072114	8.555369113950292
1684761565075054	8.535014665569179
1684761565078055	8.570231092133326
1684761565082057	8.545676519483095
1684761565085055	8.554722940985812
1684761565088056	8.544707260036375
1684761565092056	8.50464453623863
1684761565095056	8.55859997877269
1684761565099057	8.55763071932597
1684761565102057	8.479443790623918
1684761565105056	8.540184049285017
1684761565109055	8.555692200432532
1684761565112056	8.534045406122459
1684761565115054	8.55892306525493
1684761565118055	8.553753681539092
1684761565122056	8.50367527679191
1684761565125056	8.543414914107416
1684761565128056	8.557307632843731
1684761565132056	8.545353433000855
1684761565136377	8.555046027468052
1684761565140441	8.556661459879251
1684761565144057	8.547938124858774
1684761565148056	8.547291951894294
1684761565151056	8.56183084359509
1684761565154054	8.548261211341014
1684761565157056	8.564738621935248
1684761565161057	8.556984546361491
1684761565164056	8.552461335610133
1684761565167054	8.550522816716693
1684761565170054	8.540184049285017
1684761565174056	8.542122568178456
1684761565177054	8.564738621935248
1684761565180054	8.551168989681173
1684761565184056	8.522737379244063
1684761565187054	8.56021541118389
1684761565191056	8.568615659722127
1684761565194056	8.565707881381968
1684761565197054	8.56086158414837
1684761565201056	8.454243045009207
1684761565204056	8.55892306525493
1684761565207056	8.56247701655957
1684761565211055	8.50464453623863
1684761565214989	8.55763071932597
1684761565218056	8.576046648813644
1684761565221056	8.498182806593832
1684761565224056	8.572815783991246
1684761565227054	8.556984546361491
1684761565231520	8.575723562331405
1684761565234054	8.576046648813644
1684761565237054	8.574431216402445
1684761565241056	8.548584297823254
1684761565244663	8.566677140828688
1684761565248056	8.571200351580046
1684761565251054	8.555369113950292
1684761565254111	8.584446897351881
1684761565258056	8.588647021621
1684761565261058	8.419995877891779
1684761565264056	8.021953331772238
1684761565267054	8.568615659722127
1684761565271054	8.579923686600523
1684761565274055	8.584446897351881
1684761565277056	8.584446897351881
1684761565281055	8.556338373397011
1684761565284056	8.535337752051419
1684761565287056	8.572169611026766
1684761565290054	8.583154551422922
1684761565294056	8.524675898137502
1684761565297055	8.588647021621
1684761565300056	8.576369735295884
1684761565303054	8.510783179401187
1684761565306054	8.58897010810324
1684761565310056	8.573138870473485
1684761565314056	8.58961628106772
1684761565317055	8.592200972925639
1684761565320056	8.557307632843731
1684761565324056	8.583800724387402
1684761565331168	8.583477637905162
1684761565334056	8.5295221953711
1684761565337056	8.581539119011723
1684761565341359	8.569908005651087
1684761565344055	8.535660838533659
1684761565347054	8.578631340671564
1684761565351057	8.545353433000855
1684761565354055	8.543091827625176
1684761565357091	8.592524059407879
1684761565360957	8.592200972925639
1684761565363956	8.565384794899728
1684761565366956	8.595754924230278
1684761565369955	8.582831464940682
1684761565373957	8.58832393513876
1684761565376957	8.58638541624532
1684761565379955	8.602216653875075
1684761565383957	8.55956923821941
1684761565387048	8.600601221463876
1684761565390955	8.575723562331405
1684761565393955	8.582508378458442
1684761565397956	8.58670850272756
1684761565400957	8.570877265097806
1684761565403956	8.599631962017156
1684761565407956	8.598339616088197
1684761565410956	8.598016529605957
1684761565413955	8.601893567392835
1684761565416956	8.591877886443399
1684761565420956	8.577985167707084
1684761565424957	8.564738621935248
1684761565427956	8.58993936754996
1684761565430955	8.568292573239887
1684761565434957	8.609001470002113
1684761565437955	8.604155172768515
1684761565440955	8.591554799961159
1684761565444958	8.593170232372358
1684761565447958	8.601247394428356
1684761565450955	8.608032210555393
1684761565453955	8.59090862699668
1684761565457958	8.609970729448833
1684761565460957	8.5902624540322
1684761565463955	8.605447518697474
1684761565466955	8.605770605179714
1684761565470957	8.607709124073153
1684761565473956	8.545030346518615
1684761565476956	8.61481702668243
1684761565479955	8.603185913321795
1684761565483956	8.613201594271231
1684761565486955	8.61610937261139
1684761565489955	8.322423760255333
1684761565492955	8.61578628612915
1684761565496956	8.61966332391603
1684761565499955	8.605447518697474
1684761565503956	8.607062951108674
1684761565506955	8.61546319964691
1684761565509956	8.614170853717951
1684761565512955	8.598662702570437
1684761565516956	8.61772480502259
1684761565519955	8.610939988895552
1684761565522955	8.547938124858774
1684761565526956	8.61869406446931
1684761565529958	8.61804789150483
1684761565532955	8.543091827625176
1684761565536957	8.61578628612915
1684761565539955	8.59058554051444
1684761565542955	8.61772480502259
1684761565546956	8.61869406446931
1684761565549957	8.625155794114107
1684761565552955	8.6461564154597
1684761565555955	8.625801967078587
1684761565559957	8.61610937261139
1684761565562955	8.625801967078587
1684761565566957	8.622894188738428
1684761565569956	8.629679004865466
1684761565572955	8.625478880596347
1684761565575955	8.613524680753471
1684761565579957	8.624186534667388
1684761565582955	8.624186534667388
1684761565585956	8.635171475063544
1684761565589955	8.581862205493962
1684761565592955	8.580246773082763
1684761565595956	8.61804789150483
1684761565599957	8.61675554557587
1684761565602955	8.593816405336838
1684761565605955	8.631294437276665
1684761565609956	8.605447518697474
1684761565612959	8.606416778144194
1684761565615955	8.626125053560827
1684761565618955	8.626125053560827
1684761565621955	8.585739243280841
1684761565625957	8.620632583362749
1684761565628957	8.624832707631867
1684761565631955	8.625155794114107
1684761565634955	8.623540361702908
1684761565638958	8.636140734510263
1684761565641955	8.631940610241145
1684761565644955	8.623540361702908
1684761565648956	8.623540361702908
1684761565651955	8.599308875534916
1684761565654955	8.629679004865466
1684761565658957	8.636463820992503
1684761565661958	8.619986410398269
1684761565665956	8.619986410398269
1684761565669049	8.628709745418746
1684761565671956	8.637109993956983
1684761565674955	8.650033453246579
1684761565678956	8.640663945261622
1684761565681955	8.569261832686607
1684761565685957	8.629355918383226
1684761565688956	8.637433080439223
1684761565691955	8.631617523758905
1684761565695955	8.635494561545784
1684761565698956	8.636463820992503
1684761565701955	8.640663945261622
1684761565705957	8.642925550637301
1684761565708955	8.637433080439223
1684761565711955	8.611263075377792
1684761565715955	8.650679626211058
1684761565718956	8.64583332897746
1684761565722957	8.635171475063544
1684761565725957	8.634525302099064
1684761565728955	8.637756166921463
1684761565731956	8.640663945261622
1684761565735957	8.653587404551217
1684761565738956	8.661664566607215
1684761565741955	8.638725426368183
1684761565745964	8.64680258842418
1684761565748955	8.640340858779382
1684761565752956	8.64518715601298
1684761565756148	8.656495182891376
1684761565759957	8.642602464155061
1684761565762955	8.653264318068977
1684761565766957	8.651325799175538
1684761565769957	8.654879750480177
1684761565772956	8.656818269373616
1684761565776958	8.655849009926897
1684761565779956	8.648741107317619
1684761565782955	8.612232334824512
1684761565785955	8.6477718478709
1684761565788955	8.64647950194194
1684761565792957	8.654879750480177
1684761565795956	8.654556663997937
1684761565799957	8.648741107317619
1684761565802955	8.64841802083538
1684761565805955	8.653264318068977
1684761565809957	8.661018393642735
1684761565812955	8.662310739571694
1684761565815956	8.663603085500654
1684761565818955	8.613524680753471
1684761565822957	8.64518715601298
1684761565825955	8.630648264312185
1684761565828956	8.679111236648168
1684761565832955	8.603832086286275
1684761565835955	8.653587404551217
1684761565839957	8.651648885657778
1684761565842956	8.624832707631867
1684761565845956	8.663926171982894
1684761565848955	8.665218517911853
1684761565852955	8.652295058622258
1684761565855955	8.655849009926897
1684761565859957	8.664249258465134
1684761565862955	8.667157036805293
1684761565865956	8.665218517911853
1684761565868955	8.668126296252012
1684761565872956	8.368948213697877
1684761565875956	8.663279999018414
1684761565878955	8.663603085500654
1684761565882957	8.600924307946116
1684761565886110	8.666833950323053
1684761565888955	8.671357161074411
1684761565892956	8.633879129134584
1684761565895956	8.661018393642735
1684761565898955	8.669418642180972
1684761565902957	8.67232642052113
1684761565905955	8.657787528820336
1684761565909958	8.652295058622258
1684761565912955	8.677495804236969
1684761565916958	8.671680247556651
1684761565919955	8.665541604394093
1684761565922955	8.611586161860032
1684761565925955	8.67264950700337
1684761565929957	8.668126296252012
1684761565933723	8.668126296252012
1684761565936956	8.697204079653602
1684761565939956	8.67232642052113
1684761565942956	8.67297259348561
1684761565945955	8.668126296252012
1684761565948956	8.67491111237905
1684761565953110	8.628386658936506
1684761565955955	8.680726669059368
1684761565958955	8.670710988109931
1684761565962957	8.541476395213977
1684761565967112	8.67264950700337
1684761565969956	8.681049755541608
1684761565972955	8.693650128348963
1684761565976956	8.693003955384484
1684761565979955	8.685572966292966
1684761565982955	8.635494561545784
1684761565985955	8.684926793328486
1684761565989956	8.688480744633125
1684761565992958	8.681695928506088
1684761565996128	8.695588647242403
1684761566000235	8.669741728663212
1684761566002956	8.637756166921463
1684761566006957	8.688803831115365
1684761566009956	8.541476395213977
1684761566012955	8.64744876138866
1684761566015955	8.682019014988327
1684761566019955	8.67684963127249
1684761566022955	8.642925550637301
1684761566026956	8.685249879810726
1684761566029957	8.692680868902244
1684761566032957	8.692680868902244
1684761566035955	8.693003955384484
1684761566039957	8.598985789052676
1684761566042958	8.690419263526564
1684761566046957	8.690419263526564
1684761566049956	8.679434323130408
1684761566052955	8.679757409612648
1684761566055955	8.681695928506088
1684761566059956	8.685249879810726
1684761566064958	8.694296301313443
1684761566068958	8.689773090562085
1684761566073958	8.691388522973284
1684761566077956	8.695265560760163
1684761566080955	8.684926793328486
1684761566084956	8.64551024249522
1684761566087955	8.679434323130408
1684761566091958	8.700434944476001
1684761566094954	8.677818890719209
1684761566098957	8.694942474277923
1684761566102168	8.70172729040496
1684761566104955	8.688157658150885
1684761566108956	8.70237346336944
1684761566111956	8.7020503768872
1684761566115956	8.706250501156319
1684761566118956	8.690419263526564
1684761566122135	8.687511485186405
1684761566125956	8.693003955384484
1684761566128957	8.70495815522736
1684761566131955	8.706573587638559
1684761566135957	8.413211061764741
1684761566138958	8.694619387795683
1684761566141955	8.693973214831203
1684761566145957	8.693327041866723
1684761566148956	8.693973214831203
1684761566151957	8.708189020049758
1684761566155958	8.697204079653602
1684761566158955	8.709804452460958
1684761566162956	8.668772469216492
1684761566165957	8.7052812417096
1684761566169728	8.696557906689122
1684761566172957	8.705927414674079
1684761566175955	8.721758652303834
1684761566178955	8.720466306374874
1684761566181955	8.718850873963675
1684761566186334	8.719173960445914
1684761566189956	8.722727911750553
1684761566192965	8.677172717754729
1684761566195955	8.707542847085278
1684761566199958	8.490428731020074
1684761566202957	8.684603706846246
1684761566205955	8.718527787481435
1684761566209957	8.67620345830801
1684761566212956	8.711096798389917
1684761566215955	8.727574208984151
1684761566219957	8.726281863055192
1684761566222955	8.710127538943198
1684761566226958	8.712066057836637
1684761566229956	8.715620009141276
1684761566233474	8.682342101470567
1684761566235955	8.723374084715033
1684761566239955	8.728220381948631
1684761566243957	8.725635690090712
1684761566246956	8.718204700999195
1684761566249955	8.721435565821594
1684761566252955	8.726281863055192
1684761566256956	8.726928036019672
1684761566259957	8.722081738786073
1684761566263118	8.711742971354397
1684761566265955	8.717235441552475
1684761566269957	8.665541604394093
1684761566272956	8.697850252618082
1684761566275955	8.719820133410394
1684761566278955	8.727574208984151
1684761566282957	8.665541604394093
1684761566285955	8.714973836176796
1684761566288955	8.728543468430871
1684761566292956	8.70398889578064
1684761566295957	8.72983581435983
1684761566298956	8.735651371040149
1684761566301955	8.727574208984151
1684761566304955	8.726928036019672
1684761566308957	8.739528408827027
1684761566311955	8.735328284557909
1684761566314955	8.740174581791507
1684761566317956	8.739851495309267
1684761566321957	8.693973214831203
1684761566324956	8.724666430643992
1684761566331958	8.721112479339354
1684761566335958	8.735328284557909
1684761566339957	8.64389481008402
1684761566344430	8.738559149380308
1684761566349956	8.734682111593429
1684761566353958	8.727574208984151
1684761566358956	8.72951272787759
1684761566362957	8.736620630486868
1684761566366957	8.741466927720467
1684761566370957	8.768929278710857
1684761566374957	8.749867176258704
1684761566377955	8.741790014202707
1684761566380955	8.686542225739686
1684761566384957	8.73338976566447
1684761566387957	8.744697792542865
1684761566390956	8.739205322344787
1684761566393955	8.742759273649426
1684761566397957	8.747605570883024
1684761566401038	8.747928657365264
1684761566403956	8.742113100684946
1684761566407956	8.735974457522389
1684761566410956	8.722404825268313
1684761566413955	8.757298165350221
1684761566417957	8.757621251832461
1684761566420956	8.719497046928154
1684761566423955	8.745343965507345
1684761566427956	8.754067300527822
1684761566430955	8.735328284557909
1684761566434956	8.756975078867981
1684761566437955	8.75891359776142
1684761566440955	8.746313224954065
1684761566443955	8.725958776572952
1684761566447957	8.7595597707259
1684761566450956	8.76085211665486
1684761566453955	8.756005819421262
1684761566457958	8.754390387010062
1684761566460955	8.713358403765596
1684761566463955	8.747282484400785
1684761566467957	8.742113100684946
1684761566470955	8.742436187167186
1684761566473955	8.752128781634383
1684761566477957	8.751805695152143
1684761566480955	8.7595597707259
1684761566484956	8.7595597707259
1684761566487956	8.748574830329744
1684761566490955	8.75859051127918
1684761566494957	8.748574830329744
1684761566497955	8.770221624639817
1684761566500955	8.766990759817418
1684761566504530	8.756328905903501
1684761566507956	8.753744214045582
1684761566510955	8.771190884086536
1684761566514956	8.754390387010062
1684761566517955	8.757298165350221
1684761566521958	8.737589889933588
1684761566524955	8.754390387010062
1684761566528956	8.782821997447172
1684761566531955	8.764406067959499
1684761566534956	8.754713473492302
1684761566537955	8.774744835391175
1684761566541957	8.770867797604296
1684761566544956	8.76246754906606
1684761566547955	8.75923668424366
1684761566550955	8.76246754906606
1684761566554956	8.764082981477259
1684761566557955	8.768283105746377
1684761566560955	8.765698413888458
1684761566564956	8.728866554913111
1684761566567956	8.779268046142533
1684761566570956	8.768283105746377
1684761566573955	8.736943716969108
1684761566577956	8.75988285720814
1684761566580956	8.765375327406218
1684761566583955	8.763759894995019
1684761566586955	8.765052240923978
1684761566590963	8.76214446258382
1684761566593955	8.749867176258704
1684761566596955	8.781852738000453
1684761566600954	8.781206565035973
1684761566603955	8.780883478553733
1684761566607957	8.769898538157577
1684761566610955	8.770544711122056
1684761566613955	8.771190884086536
1684761566617956	8.79025298653869
1684761566620956	8.779914219107013
1684761566625016	8.782498910964932
1684761566627956	8.78863755412749
1684761566631958	8.769575451675337
1684761566634955	8.786052862269571
1684761566637955	8.79025298653869
1684761566641957	8.798330148594687
1684761566644956	8.796068543219008
1684761566648010	8.79025298653869
1684761566651957	8.58670850272756
1684761566654956	8.781529651518213
1684761566657955	8.796714716183487
1684761566661957	8.775391008355655
1684761566664957	8.797683975630207
1684761566667956	8.795422370254528
1684761566670955	8.763436808512779
1684761566674957	8.784437429858372
1684761566678053	8.797683975630207
1684761566680955	8.746959397918545
1684761566684957	8.76149828961934
1684761566687955	8.78799138116301
1684761566690955	8.75891359776142
1684761566694957	8.805438051203964
1684761566697955	8.808668916026363
1684761566700955	8.806407310650684
1684761566704956	8.805438051203964
1684761566707955	8.79122224598541
1684761566710955	8.735005198075669
1684761566714957	8.73274359269999
1684761566717956	8.795422370254528
1684761566720955	8.745990138471825
1684761566723955	8.795422370254528
1684761566727957	8.797360889147967
1684761566730955	8.765375327406218
1684761566733955	8.812545953813242
1684761566737955	8.8154537321534
1684761566740956	8.799299408041406
1684761566744955	8.792191505432129
1684761566747955	8.811899780848762
1684761566750955	8.814161386224441
1684761566755016	8.811899780848762
1684761566757957	8.799622494523646
1684761566760955	8.752128781634383
1684761566764955	8.696234820206882
1684761566767955	8.800914840452606
1684761566771956	8.808345829544123
1684761566774957	8.803822618792765
1684761566777955	8.8186845969758
1684761566781957	8.232928804674884
1684761566784957	8.814807559188921
1684761566787955	8.81674607808236
1684761566790955	8.776683354284614
1684761566794956	8.634202215616824
1684761566797955	8.81997694290476
1684761566801957	8.809961261955323
1684761566804956	8.802530272863805
1684761566808637	8.8170691645646
1684761566811957	8.78702212171629
1684761566814955	8.825469413102837
1684761566817955	8.829992623854196
1684761566820956	8.823530894209398
1684761566824956	8.810930521402042
1684761566827955	8.808992002508603
1684761566830955	8.8186845969758
1684761566834955	8.823207807727158
1684761566837955	8.81609990511788
1684761566841957	8.814484472706681
1684761566844955	8.820623115869239
1684761566847955	8.823530894209398
1684761566851956	8.8170691645646
1684761566854955	8.821915461798199
1684761566857996	8.820623115869239
1684761566861987	8.798007062112447
1684761566864987	8.803499532310525
1684761566867985	8.831284969783155
1684761566870985	8.809638175473083
1684761566874986	8.827084845514037
1684761566877986	8.833546575158834
1684761566881988	8.784114343376132
1684761566884986	8.822561634762678
1684761566888096	8.821269288833719
1684761566891986	8.778298786695814
1684761566894986	8.824823240138358
1684761566897987	8.838715958874673
1684761566900985	8.799622494523646
1684761566905267	8.726928036019672
1684761566907986	8.826115586067317
1684761566911987	8.805761137686204
1684761566914986	8.836777439981233
1684761566917986	8.841623737214832
1684761566921622	8.823530894209398
1684761566925623	8.833869661641074
1684761566928624	8.840977564250352
1684761566931622	8.795099283772288
1684761566934622	8.836777439981233
1684761566938625	8.84485460203723
1684761566941624	8.727251122501912
1684761566944624	8.810284348437563
1684761566947623	8.830315710336436
1684761566951646	8.834838921087794
1684761566954624	8.824500153656118
1684761566957623	8.84614694796619
1684761566961624	8.793160764878849
1684761566964622	8.830315710336436
1684761566967622	8.839362131839152
1684761566971623	8.84420842907275
1684761566974622	8.84647003444843
1684761566977622	8.841946823697072
1684761566981624	8.811576694366522
1684761566984622	8.840008304803632
1684761566987623	8.839039045356913
1684761566990623	8.827084845514037
1684761566994624	8.84550077500171
1684761566998624	8.838715958874673
1684761567002134	8.784760516340612
1684761567005625	8.838069785910193
1684761567008624	8.840654477768112
1684761567011623	8.820946202351479
1684761567014623	8.84776238037739
1684761567018624	8.855193369468907
1684761567021622	8.854224110022187
1684761567024622	8.839362131839152
1684761567028624	8.839362131839152
1684761567031623	8.834192748123314
1684761567034622	8.84614694796619
1684761567038624	8.84517768851947
1684761567041623	8.84647003444843
1684761567044622	8.842592996661551
1684761567048624	8.840654477768112
1684761567051624	8.726928036019672
1684761567054622	8.851639418164268
1684761567057624	8.857454974844586
1684761567061624	8.84614694796619
1684761567064622	8.834515834605554
1684761567068624	8.84420842907275
1684761567071624	8.859070407255786
1684761567074623	8.861332012631465
1684761567077623	8.856162628915627
1684761567081622	8.84517768851947
1684761567084623	8.829992623854196
1684761567087622	8.84743929389515
1684761567091624	8.834838921087794
1684761567094735	8.862301272078184
1684761567098622	8.863593618007144
1684761567101623	8.858424234291306
1684761567104622	8.831608056265395
1684761567108625	8.865532136900583
1684761567111624	8.853901023539947
1684761567114622	8.84679312093067
1684761567118624	8.851962504646508
1684761567121624	8.821269288833719
1684761567124624	8.825792499585077
1684761567127622	8.865209050418343
1684761567131624	8.867470655794023
1684761567134624	8.868116828758502
1684761567137622	8.855516455951147
1684761567141624	8.851316331682028
1684761567144622	8.785083602822851
1684761567147622	8.863593618007144
1684761567151624	8.852608677610988
1684761567154622	8.855839542433387
1684761567157622	8.864885963936104
1684761567161625	8.862301272078184
1684761567164624	8.84614694796619
1684761567167622	8.849700899270829
1684761567171625	8.851639418164268
1684761567174622	8.859393493738025
1684761567178624	8.857131888362346
1684761567181622	8.849700899270829
1684761567184622	8.81577681863564
1684761567188624	8.858747320773546
1684761567191623	8.850670158717548
1684761567195625	8.849054726306349
1684761567198624	8.838715958874673
1684761567201624	8.851316331682028
1684761567204623	8.856808801880106
1684761567208622	8.8729631259921
1684761567212624	8.84776238037739
1684761567215622	8.859716580220265
1684761567219624	8.855193369468907
1684761567222622	8.84550077500171
1684761567226624	8.84453151555499
1684761567229624	8.84743929389515
1684761567232624	8.744697792542865
1684761567235623	8.862947445042664
1684761567239624	8.850993245199788
1684761567242622	8.856485715397866
1684761567246763	8.859716580220265
1684761567249622	8.862301272078184
1684761567252622	8.840008304803632
1684761567255622	8.861008926149225
1684761567259625	8.842916083143791
1684761567262624	8.793483851361088
1684761567265623	8.84550077500171
1684761567268622	8.84582386148395
1684761567272624	8.780237305589253
1684761567275622	8.852931764093228
1684761567279623	8.850993245199788
1684761567282624	8.849377812788589
1684761567285622	8.842916083143791
1684761567288622	8.84743929389515
1684761567292624	8.854870282986667
1684761567295622	8.84711620741291
1684761567299624	8.84776238037739
1684761567302624	8.851639418164268
1684761567305622	8.857454974844586
1684761567309624	8.858747320773546
1684761567312622	8.833223488676595
1684761567315623	8.866178309865063
1684761567319624	8.851639418164268
1684761567322622	8.849700899270829
1684761567326624	8.840008304803632
1684761567333676	8.837423612945713
1684761567337631	8.862301272078184
1684761567342625	8.806084224168444
1684761567347623	8.861978185595945
1684761567351625	8.851639418164268
1684761567354624	8.857454974844586
1684761567357623	8.852285591128748
1684761567361624	8.84582386148395
1684761567364625	8.826115586067317
1684761567367624	8.84873163982411
1684761567370623	8.84485460203723
1684761567374624	8.84517768851947
1684761567377624	8.853577937057707
1684761567380622	8.858424234291306
1684761567383622	8.853901023539947
1684761567387624	8.843562256108271
1684761567390622	8.860039666702505
1684761567393624	8.861978185595945
1684761567397622	8.854870282986667
1684761567400622	8.851639418164268
1684761567403622	8.828377191442996
1684761567407624	8.854870282986667
1684761567410622	8.857778061326826
1684761567414790	8.857778061326826
1684761567417624	8.852608677610988
1684761567420622	8.859393493738025
1684761567424624	8.860685839666985
1684761567427622	8.862624358560424
1684761567430623	8.64486406953074
1684761567434624	8.812545953813242
1684761567437624	8.850347072235309
1684761567440622	8.804145705275005
1684761567444624	8.858747320773546
1684761567447624	8.862301272078184
1684761567450622	8.857454974844586
1684761567453622	8.84840855334187
1684761567457624	8.860039666702505
1684761567460624	8.84711620741291
1684761567463624	8.807053483615164
1684761567466622	8.850023985753069
1684761567470624	8.852285591128748
1684761567473637	8.864239790971624
1684761567476622	8.863270531524904
1684761567479622	8.860362753184745
1684761567483624	8.859393493738025
1684761567486624	8.858101147809066
1684761567489623	8.822884721244918
1684761567492622	8.856485715397866
1684761567496624	8.858747320773546
1684761567499624	8.84711620741291
1684761567502622	8.857454974844586
1684761567506624	8.856808801880106
1684761567509624	8.858747320773546
1684761567512622	8.849700899270829
1684761567516624	8.856485715397866
1684761567519622	8.842592996661551
1684761567522622	8.852608677610988
1684761567526624	8.84776238037739
1684761567529624	8.84453151555499
1684761567532622	8.850993245199788
1684761567536624	8.863916704489384
1684761567539622	8.861655099113705
1684761567542621	8.829346450889716
1684761567546624	8.855839542433387
1684761567549624	8.862624358560424
1684761567552623	8.810607434919802
1684761567555622	8.863270531524904
1684761567560621	8.849377812788589
1684761567565678	8.859716580220265
1684761567569626	8.84776238037739
1684761567572623	8.865532136900583
1684761567577625	8.856485715397866
1684761567581624	8.866501396347303
1684761567585624	8.862947445042664
1684761567588623	8.854224110022187
1684761567592623	8.782498910964932
1684761567597625	8.861655099113705
1684761567601624	8.777006440766854
1684761567605860	8.850347072235309
1684761567609623	8.863270531524904
1684761567612622	8.866501396347303
1684761567615622	8.866501396347303
1684761567619623	8.853254850575468
1684761567622975	8.79154533246765
1684761567625622	8.861332012631465
1684761567629624	8.866824482829543
1684761567632622	8.341808949189726
1684761567635622	8.857778061326826
1684761567639624	8.856808801880106
1684761567642625	8.852931764093228
1684761567645622	8.84388534259051
1684761567649623	8.864562877453864
1684761567653020	8.853254850575468
1684761567655623	8.850023985753069
1684761567659624	8.84808546685963
1684761567662624	8.84711620741291
1684761567665622	8.868439915240742
1684761567669624	8.863916704489384
1684761567672624	8.862624358560424
1684761567675623	8.863270531524904
1684761567678622	8.860685839666985
1684761567682624	8.827407931996277
1684761567685684	8.850347072235309
1684761567688622	8.858101147809066
1684761567692624	8.856485715397866
1684761567695623	8.851639418164268
1684761567698623	8.852285591128748
1684761567702625	8.84614694796619
1684761567705624	8.84776238037739
1684761567708624	8.850993245199788
1684761567711622	8.806084224168444
1684761567714622	8.866824482829543
1684761567718623	8.853901023539947
1684761567722624	8.801884099899326
1684761567725624	8.862301272078184
1684761567728622	8.859070407255786
1684761567732624	8.851316331682028
1684761567735623	8.855193369468907
1684761567738623	8.863270531524904
1684761567742624	8.407718591566663
1684761567745622	8.849377812788589
1684761567749624	8.855839542433387
1684761567752624	8.823207807727158
1684761567755622	8.865209050418343
1684761567758624	8.865209050418343
1684761567762623	8.858747320773546
1684761567765625	8.770867797604296
1684761567768622	8.849377812788589
1684761567772624	8.795422370254528
1684761567775624	8.830961883300915
1684761567778622	8.862624358560424
1684761567782624	8.81997694290476
1684761567785622	8.851639418164268
1684761567788622	8.851316331682028
1684761567791622	8.84808546685963
1684761567795624	8.864562877453864
1684761567798622	8.850993245199788
1684761567802794	8.84873163982411
1684761567805623	8.849700899270829
1684761567808622	8.864239790971624
1684761567812622	8.833869661641074
1684761567816625	8.852285591128748
1684761567819624	8.861008926149225
1684761567822622	8.858424234291306
1684761567825623	8.553430595056852
1684761567829624	8.856162628915627
1684761567832623	8.858101147809066
1684761567835622	8.858747320773546
1684761567839624	8.862624358560424
1684761567842624	8.862947445042664
1684761567845622	8.807053483615164
1684761567849624	8.852608677610988
1684761567852624	8.81836151049356
1684761567855622	8.866501396347303
1684761567858622	8.857778061326826
1684761567862625	8.821915461798199
1684761567865624	8.84840855334187
1684761567868622	8.853254850575468
1684761567872625	8.803822618792765
1684761567875648	8.868116828758502
1684761567878622	8.865532136900583
1684761567882624	8.863916704489384
1684761567885622	8.850023985753069
1684761567888623	8.853577937057707
1684761567892624	8.836454353498993
1684761567895622	8.859716580220265
1684761567898622	8.861332012631465
1684761567902624	8.861332012631465
1684761567905624	8.851962504646508
1684761567909625	8.857778061326826
1684761567912622	8.835485094052274
1684761567915623	8.853577937057707
1684761567919624	8.850993245199788
1684761567922681	8.850993245199788
1684761567925622	8.850993245199788
1684761567928622	8.858424234291306
1684761567932623	8.860362753184745
1684761567935624	8.826761759031797
1684761567938622	8.864562877453864
1684761567942622	8.863916704489384
1684761567945622	8.864562877453864
1684761567948623	8.860039666702505
1684761567952625	8.831931142747635
1684761567955622	8.861978185595945
1684761567959624	8.792514591914369
1684761567963624	8.849377812788589
1684761567967625	8.862947445042664
1684761567970622	8.838392872392433
1684761567974624	8.863270531524904
1684761567978623	8.854224110022187
1684761567981623	8.850347072235309
1684761567985623	8.859070407255786
1684761567988624	8.857131888362346
1684761567992625	8.825792499585077
1684761567995624	8.867793742276262
1684761567998623	8.865532136900583
1684761568002942	8.812869040295482
1684761568005623	8.862301272078184
1684761568009625	8.868116828758502
1684761568012622	8.79025298653869
1684761568015623	8.861008926149225
1684761568019624	8.858747320773546
1684761568022624	8.805114964721724
1684761568025622	8.859393493738025
1684761568029623	8.837423612945713
1684761568032623	8.824177067173878
1684761568036624	8.862301272078184
1684761568039622	8.859070407255786
1684761568042622	8.858747320773546
1684761568046624	8.87264003950986
1684761568049622	8.854870282986667
1684761568053623	8.871347693580901
1684761568056624	8.866178309865063
1684761568059626	8.785406689305091
1684761568062622	8.813515213259961
1684761568066624	8.87328621247434
1684761568069622	8.8729631259921
1684761568073625	8.857131888362346
1684761568076626	8.878778682672419
1684761568080625	8.866501396347303
1684761568083625	8.842592996661551
1684761568086622	8.870055347651942
1684761568090626	8.881040288048098
1684761568093624	8.87651707729674
1684761568096622	8.870701520616421
1684761568100624	8.843239169626031
1684761568103624	8.871993866545381
1684761568106624	8.870701520616421
1684761568109622	8.871347693580901
1684761568112622	8.838392872392433
1684761568115730	8.869732261169702
1684761568119624	8.863916704489384
1684761568122624	8.833546575158834
1684761568125622	8.863916704489384
1684761568128622	8.864239790971624
1684761568132624	8.837423612945713
1684761568135624	8.87490164488554
1684761568138624	8.87587090433226
1684761568141622	8.839362131839152
1684761568145624	8.84679312093067
1684761568148622	8.864562877453864
1684761568152625	8.811576694366522
1684761568155624	8.87490164488554
1684761568158623	8.883301893423777
1684761568161622	8.882332633977057
1684761568164625	8.866178309865063
1684761568168624	8.881363374530338
1684761568171624	8.883301893423777
1684761568174624	8.87264003950986
1684761568177622	8.8729631259921
1684761568181624	8.836777439981233
1684761568184622	8.857454974844586
1684761568188710	8.868763001722982
1684761568191622	8.802207186381565
1684761568194622	8.860039666702505
1684761568198623	8.880394115083618
1684761568201624	8.87716325026122
1684761568204685	8.839362131839152
1684761568207622	8.885886585281696
1684761568210622	8.858101147809066
1684761568214623	8.889763623068575
1684761568217624	8.877809423225699
1684761568221625	8.849700899270829
1684761568224624	8.81577681863564
1684761568227622	8.879101769154659
1684761568231624	8.838715958874673
1684761568234623	8.841946823697072
1684761568237623	8.889440536586335
1684761568241624	8.894933006784413
1684761568244624	8.892671401408734
1684761568247622	8.883624979906017
1684761568251624	8.883624979906017
1684761568254622	8.90204090939369
1684761568258625	8.895902266231133
1684761568261623	8.888471277139615
1684761568264622	8.865855223382823
1684761568267622	8.883624979906017
1684761568271624	8.891379055479774
1684761568274708	8.877486336743459
1684761568277622	8.90527177421609
1684761568281624	8.861332012631465
1684761568284625	8.90107164994697
1684761568287624	8.895579179748893
1684761568290622	8.895256093266653
1684761568294624	8.880717201565858
1684761568298624	8.894286833819933
1684761568301625	8.891702141962014
1684761568304622	8.895902266231133
1684761568308625	8.889763623068575
1684761568311623	8.87490164488554
1684761568314622	8.885886585281696
1684761568318624	8.897517698642332
1684761568321624	8.906564120145049
1684761568327074	8.894286833819933
1684761568329622	8.894609920302173
1684761568332622	8.862301272078184
1684761568336624	8.906564120145049
1684761568339622	8.900748563464731
1684761568342622	8.867793742276262
1684761568346624	8.907533379591769
1684761568349624	8.882332633977057
1684761568352622	8.913672022754326
1684761568356624	8.900102390500251
1684761568359622	8.908825725520728
1684761568362623	8.894286833819933
1684761568366624	8.908502639038488
1684761568369624	8.908825725520728
1684761568372624	8.90171782291145
1684761568376623	8.913348936272087
1684761568379624	8.899779304018011
1684761568382622	8.911087330896407
1684761568386624	8.910764244414167
1684761568389624	8.912379676825367
1684761568392624	8.906241033662809
1684761568395622	8.90559486069833
1684761568398622	8.90301016884041
1684761568402625	8.50399836327415
1684761568405624	8.898810044571292
1684761568408624	8.906887206627289
1684761568411622	8.907210293109529
1684761568415625	8.920779925363604
1684761568418622	8.912379676825367
1684761568422624	8.859070407255786
1684761568425622	8.917549060541205
1684761568428622	8.921103011845844
1684761568431622	8.923041530739283
1684761568435624	8.917872147023445
1684761568438623	8.910441157931928
1684761568441622	8.906564120145049
1684761568445624	8.892671401408734
1684761568448624	8.906564120145049
1684761568451624	8.916902887576725
1684761568454623	8.893963747337693
1684761568458624	8.926272395561682
1684761568461622	8.883301893423777
1684761568464622	8.925949309079442
1684761568468622	8.927887827972881
1684761568471622	8.928534000937361
1684761568475625	8.916256714612246
1684761568478622	8.915287455165526
1684761568481622	8.913995109236566
1684761568484622	8.906564120145049
1684761568488624	8.924010790186003
1684761568491622	8.916902887576725
1684761568495810	8.915610541647766
1684761568498622	8.923687703703763
1684761568502624	8.867793742276262
1684761568505624	8.92982634686632
1684761568508622	8.936934249475598
1684761568512623	8.939518941333517
1684761568515624	8.92982634686632
1684761568518622	8.928210914455121
1684761568522624	8.891702141962014
1684761568525624	8.929503260384081
1684761568529637	8.93176486575976
1684761568532622	8.906241033662809
1684761568535677	8.938872768369038
1684761568539624	8.943072892638156
1684761568542622	8.895579179748893
1684761568545622	8.938226595404558
1684761568548622	8.935641903546639
1684761568552625	8.938226595404558
1684761568555622	8.932087952242
1684761568558623	8.940488200780237
1684761568562624	8.940165114297997
1684761568565624	8.939842027815757
1684761568568622	8.93434955761768
1684761568572625	8.906564120145049
1684761568575624	8.928857087419601
1684761568578624	8.9304725198308
1684761568581622	8.895579179748893
1684761568584622	8.939195854851278
1684761568588623	8.93111869279528
1684761568591638	8.941457460226957
1684761568595625	8.935641903546639
1684761568598622	8.941134373744717
1684761568601623	8.926595482043922
1684761568605624	8.943395979120396
1684761568608624	8.956965611374471
1684761568611624	8.899779304018011
1684761568614622	8.951150054694153
1684761568617622	8.950180795247434
1684761568621624	8.942426719673676
1684761568624738	8.945011411531596
1684761568628624	8.939842027815757
1684761568632624	8.951150054694153
1684761568635622	8.945657584496075
1684761568638623	8.950180795247434
1684761568642624	8.950826968211913
1684761568645623	8.947596103389515
1684761568649624	8.949534622282954
1684761568652624	8.87360929895658
1684761568655622	8.946626843942795
1684761568659624	8.945334498013835
1684761568662625	8.937580422440078
1684761568665624	8.936288076511119
1684761568668622	8.947596103389515
1684761568671622	8.944688325049356
1684761568674622	8.67329567996785
1684761568678624	8.957934870821191
1684761568681622	8.879747942119138
1684761568685625	8.947596103389515
1684761568688623	8.956965611374471
1684761568691622	8.955673265445512
1684761568695624	8.954380919516552
1684761568698624	8.955673265445512
1684761568702526	8.955996351927752
1684761568705683	8.955027092481032
1684761568708623	8.95890413026791
1684761568711622	8.950826968211913
1684761568715624	8.950826968211913
1684761568718622	8.952765487105353
1684761568721622	8.541799481696216
1684761568724623	8.954380919516552
1684761568728624	8.96213499509031
1684761568731622	8.955027092481032
1684761568735681	8.948242276353994
1684761568738622	8.965042773430469
1684761568741623	8.9304725198308
1684761568745624	8.939518941333517
1684761568748622	8.952765487105353
1684761568751623	8.954704005998792
1684761568755624	8.967304378806148
1684761568758623	8.972150676039746
1684761568761623	8.942749806155916
1684761568765624	8.956965611374471
1684761568768622	8.968919811217347
1684761568772624	8.975381540862145
1684761568775624	8.969242897699587
1684761568778622	8.965365859912708
1684761568782872	8.892348314926494
1684761568786954	8.96181190860807
1684761568790624	8.96310425453703
1684761568793623	8.972473762521986
1684761568797622	8.978612405684544
1684761568800622	8.96310425453703
1684761568803622	8.95955030323239
1684761568807624	8.969889070664067
1684761568810622	8.93111869279528
1684761568813623	8.957611784338951
1684761568817624	8.969889070664067
1684761568820622	8.950180795247434
1684761568823624	8.506906141614309
1684761568827624	8.963750427501509
1684761568830622	8.950180795247434
1684761568833622	8.915933628130006
1684761568836622	8.968596724735107
1684761568840624	8.977643146237824
1684761568843622	8.638079253403703
1684761568847624	8.969565984181827
1684761568850622	8.980874011060223
1684761568853623	8.982166356989183
1684761568857625	8.968273638252867
1684761568860624	8.951150054694153
1684761568863622	8.969889070664067
1684761568866622	8.970535243628547
1684761568870624	8.973443021968706
1684761568873624	8.980550924577983
1684761568877624	8.983135616435902
1684761568880624	8.975704627344385
1684761568883622	8.953088573587593
1684761568886622	8.971504503075266
1684761568890624	8.96245808157255
1684761568893624	8.957611784338951
1684761568897625	8.976996973273344
1684761568900624	8.976027713826625
1684761568903622	8.937580422440078
1684761568906623	8.980550924577983
1684761568910624	8.980550924577983
1684761568913622	8.992182037938619
1684761568916622	8.9879819136695
1684761568920624	8.953088573587593
1684761568923643	8.946626843942795
1684761568926622	8.983135616435902
1684761568930624	8.98927425959846
1684761568933624	8.98927425959846
1684761568936622	8.984751048847102
1684761568940684	8.978289319202304
1684761568943622	8.982812529953662
1684761568947625	8.982812529953662
1684761568950624	8.986043394776061
1684761568953849	8.9879819136695
1684761568956622	8.985720308293821
1684761568960624	8.981197097542463
1684761568963682	8.96245808157255
1684761568966624	8.981843270506943
1684761568969622	8.998966854065657
1684761568973686	8.977966232720064
1684761568976622	9.003490064817015
1684761568979623	8.973443021968706
1684761568982623	8.98765882718726
1684761568986624	8.98701265422278
1684761568989622	8.99185895145638
1684761568992623	8.99153586497414
1684761568995623	9.001551545923576
1684761568999626	8.98733574070502
1684761569003862	8.9895973460807
1684761569007813	8.994443643314298
1684761569010622	8.998966854065657
1684761569014625	8.967950551770627
1684761569017622	9.008336362050613
1684761569020622	8.632586783205625
1684761569023622	9.006397843157174
1684761569027625	8.992828210903099
1684761569030622	8.995412902761018
1684761569034676	8.983458702918142
1684761569038624	8.999613027030136
1684761569041808	8.96116573564359
1684761569044622	8.954057833034312
1684761569047623	8.997351421654457
1684761569051685	9.008982535015093
1684761569055623	9.000259199994616
1684761569059626	9.000259199994616
1684761569064624	9.008982535015093
1684761569068625	8.995089816278778
1684761569072684	9.005105497228215
1684761569076624	9.013828832248691
1684761569080625	9.003813151299255
1684761569084625	8.968919811217347
1684761569088625	9.01609043762437
1684761569093625	9.004136237781495
1684761569096624	9.010274880944053
1684761569100623	9.01641352410661
1684761569104624	8.999613027030136
1684761569107622	9.009305621497333
1684761569110623	9.005428583710454
1684761569114712	9.01576735114213
1684761569117624	9.022875253751408
1684761569120622	9.01673661058885
1684761569124625	9.01705969707109
1684761569127624	9.003166978334775
1684761569130622	9.005751670192694
1684761569134623	9.009305621497333
1684761569137622	9.025136859127088
1684761569140623	8.993474383867579
1684761569144738	9.013505745766452
1684761569148623	9.02029056189349
1684761569151624	9.024490686162608
1684761569154622	9.010597967426293
1684761569157622	9.029013896913966
1684761569162114	9.013505745766452
1684761569165624	9.02029056189349
1684761569168622	9.026106118573807
1684761569171622	9.030952415807405
1684761569174622	8.997997594618937
1684761569178622	9.026752291538287
1684761569182624	9.013182659284212
1684761569185622	9.014475005213171
1684761569188622	9.01802895651781
1684761569192682	9.021582907822449
1684761569195622	9.036121799523244
1684761569198623	9.039029577863403
1684761569202624	9.029983156360686
1684761569205624	9.029983156360686
1684761569208624	9.026106118573807
1684761569211622	9.031275502289645
1684761569215722	9.029983156360686
1684761569218622	9.029013896913966
1684761569221623	8.999613027030136
1684761569224623	9.01996747541125
1684761569228622	9.033214021183085
1684761569231624	9.01996747541125
1684761569234623	9.029983156360686
1684761569238625	9.037091058969963
1684761569241622	9.037091058969963
1684761569244622	9.038383404898923
1684761569248624	9.032567848218605
1684761569251623	9.002520805370295
1684761569255624	9.039352664345643
1684761569258623	9.030306242842926
1684761569261622	9.029336983396206
1684761569265624	9.029336983396206
1684761569268624	9.032244761736365
1684761569271624	8.941457460226957
1684761569274623	9.024167599680368
1684761569277622	9.04613748047268
1684761569281623	9.041291183239082
1684761569284622	9.030952415807405
1684761569288683	9.033214021183085
1684761569291623	9.043552788614761
1684761569294623	9.04646056695492
1684761569298623	9.04484513454372
1684761569301624	9.01932130244677
1684761569304623	8.708512106531998
1684761569308624	9.033860194147564
1684761569311625	8.98701265422278
1684761569314622	9.04742982640164
1684761569317622	9.051629950670758
1684761569321624	9.050983777706278
1684761569324624	9.029660069878446
1684761569331212	9.04484513454372
1684761569334622	9.039352664345643
1684761569338624	9.038706491381163
1684761569341624	9.012213399837492
1684761569345624	8.596401097194757
1684761569348624	9.051306864188518
1684761569351624	9.050014518259559
1684761569354622	9.04646056695492
1684761569358625	9.04646056695492
1684761569361622	9.025136859127088
1684761569364623	9.001228459441336
1684761569367623	9.04419896157924
1684761569371624	9.056476247904357
1684761569374622	9.04678365343716
1684761569378624	9.04419896157924
1684761569381624	9.04419896157924
1684761569384622	9.04613748047268
1684761569388623	9.052599210117478
1684761569391624	9.050660691224039
1684761569394623	9.055830074939877
1684761569398622	9.055830074939877
1684761569401623	9.050014518259559
1684761569404622	9.025459945609327
1684761569408625	9.055183901975397
1684761569411624	9.051306864188518
1684761569415624	9.050983777706278
1684761569418624	9.051306864188518
1684761569422198	8.98733574070502
1684761569425625	9.021905994304689
1684761569428624	9.052599210117478
1684761569431626	9.049368345295079
1684761569434622	9.062614891066914
1684761569438624	9.070692053122912
1684761569441624	9.068753534229472
1684761569444624	9.043875875097001
1684761569447623	9.057122420868836
1684761569451684	9.021259821340209
1684761569454624	9.055183901975397
1684761569457622	9.068430447747232
1684761569460622	9.064553409960354
1684761569464639	9.064876496442594
1684761569467625	9.055506988457637
1684761569470624	9.057122420868836
1684761569473634	9.058091680315556
1684761569476623	9.062937977549154
1684761569479622	9.062614891066914
1684761569483624	9.026106118573807
1684761569486624	9.061645631620195
1684761569489624	9.07456909090979
1684761569492622	8.997997594618937
1684761569496624	9.072307485534111
1684761569499622	9.061322545137955
1684761569503624	9.015121178177651
1684761569506624	9.069722793676192
1684761569510074	9.030629329325166
1684761569512622	9.064553409960354
1684761569516679	9.072630572016351
1684761569519622	9.060030199208995
1684761569522622	9.062614891066914
1684761569526705	9.065845755889313
1684761569529622	9.060999458655715
1684761569533622	9.033860194147564
1684761569537624	9.078769215178909
1684761569540622	9.057768593833316
1684761569543622	9.056153161422117
1684761569546622	9.07521526387427
1684761569550624	9.063907236995874
1684761569553622	9.07683069628547
1684761569556623	9.07424600442755
1684761569560625	9.094600452808663
1684761569563624	9.079415388143389
1684761569566624	9.080061561107868
1684761569569622	9.068107361264993
1684761569573624	9.034183280629804
1684761569576624	9.082000080001308
1684761569579622	9.078446128696669
1684761569582623	9.052599210117478
1684761569586624	9.070368966640672
1684761569589624	9.066491928853793
1684761569593622	9.04904525881284
1684761569596622	9.085877117788186
1684761569599622	9.087815636681626
1684761569603624	9.07650760980323
1684761569607624	9.084261685376987
1684761569610624	9.087169463717146
1684761569614624	9.041937356203562
1684761569617684	9.078769215178909
1684761569620622	9.07553835035651
1684761569623622	9.090077242057305
1684761569627623	9.090077242057305
1684761569630625	9.083292425930267
1684761569633623	9.090077242057305
1684761569636622	9.10170835541794
1684761569640623	9.096862058184342
1684761569644623	9.094277366326423
1684761569647624	9.089107982610585
1684761569650622	9.034506367112044
1684761569654641	9.100416009488981
1684761569657624	9.094923539290903
1684761569660622	9.025783032091567
1684761569664624	9.060676372173475
1684761569667622	9.100092923006741
1684761569670623	8.964396600465989
1684761569674624	9.029013896913966
1684761569677624	9.1013852689357
1684761569680623	9.026429205056047
1684761569684624	9.071661312569631
1684761569687624	9.093308106879704
1684761569690624	9.099123663560022
1684761569693622	9.107200825616019
1684761569697624	9.1062315661693
1684761569700624	9.070045880158432
1684761569703623	9.092985020397464
1684761569707623	9.092338847432984
1684761569710624	9.106877739133779
1684761569713622	9.085230944823707
1684761569717625	9.097831317631062
1684761569720622	9.051953037152998
1684761569723623	9.106877739133779
1684761569727624	9.10396996079362
1684761569730623	9.079738474625628
1684761569733623	9.066815015336033
1684761569737624	9.099446750042262
1684761569740624	9.07295365849859
1684761569743623	9.04581439399044
1684761569747624	9.1062315661693
1684761569750622	8.944688325049356
1684761569753622	9.095892798737623
1684761569757624	9.10235452838242
1684761569760625	9.071015139605151
1684761569763624	9.098800577077782
1684761569766622	9.111724036367377
1684761569770624	9.113662555260817
1684761569773624	9.096862058184342
1684761569776627	9.108170085062739
1684761569779622	9.07456909090979
1684761569783624	9.071338226087391
1684761569786622	9.099123663560022
1684761569789624	9.10396996079362
1684761569792622	9.091692674468504
1684761569796624	9.120447371387854
1684761569799624	9.119155025458895
1684761569802622	9.118831938976655
1684761569805622	9.115924160636496
1684761569809780	9.110108603956178
1684761569812624	9.108493171544978
1684761569815623	9.108493171544978
1684761569819624	9.110754776920658
1684761569822636	9.118831938976655
1684761569825623	9.1046161337581
1684761569829624	9.108493171544978
1684761569832624	9.114308728225296
1684761569835622	9.121416630834574
1684761569839625	9.123678236210253
1684761569842750	9.078123042214429
1684761569845623	9.110754776920658
1684761569849625	9.112047122849617
1684761569852622	9.113016382296337
1684761569855624	9.109785517473938
1684761569858623	9.120447371387854
1684761569862624	9.083615512412507
1684761569865734	9.10590847968706
1684761569868622	9.113016382296337
1684761569871622	9.119478111941135
1684761569875789	9.123355149728013
1684761569878624	9.13078613881953
1684761569881622	9.120447371387854
1684761569885624	9.120124284905614
1684761569888622	9.13207848474849
1684761569891623	9.100416009488981
1684761569895623	9.125616755103692
1684761569898624	9.123032063245773
1684761569902624	9.092985020397464
1684761569905622	9.120770457870094
1684761569908622	9.124970582139213
1684761569912623	9.10170835541794
1684761569915624	9.124001322692493
1684761569918622	9.136601695499849
1684761569921623	9.078769215178909
1684761569925622	9.13207848474849
1684761569928622	9.138540214393288
1684761569932776	9.140155646804487
1684761569935622	9.140801819768967
1684761569938623	9.129493792890571
1684761569942626	9.086523290752666
1684761569945622	9.125939841585932
1684761569948622	9.138863300875528
1684761569952782	9.139509473840008
1684761569955624	9.140155646804487
1684761569958622	9.129170706408331
1684761569962623	9.13078613881953
1684761569965624	9.138540214393288
1684761569968622	9.141771079215687
1684761569972622	9.10590847968706
1684761569975782	9.142740338662406
1684761569978623	9.143709598109126
1684761569981623	9.139509473840008
1684761569984623	9.108816258027218
1684761569988624	9.136601695499849
1684761569991622	9.115924160636496
1684761569994623	9.039998837310122
1684761569998625	9.13013996585505
1684761570001622	9.120124284905614
1684761570006067	9.13272465771297
1684761570009879	9.126586014550412
1684761570013624	9.13046305233729
1684761570016623	9.148232808860485
1684761570020624	9.141124906251207
1684761570023623	9.136924781982088
1684761570027624	9.13498626308865
1684761570030624	9.137894041428808
1684761570033622	9.136278609017609
1684761570036623	9.140155646804487
1684761570040625	9.129493792890571
1684761570043622	9.145971203484805
1684761570046624	9.148878981824964
1684761570050624	9.146940462931525
1684761570053624	9.146294289967045
1684761570056624	9.140801819768967
1684761570059623	9.147909722378245
1684761570063622	9.07715378276771
1684761570066622	9.137247868464328
1684761570070624	9.065845755889313
1684761570073632	9.139832560322247
1684761570076623	9.150817500718404
1684761570079622	9.113662555260817
1684761570083624	9.13175539826625
1684761570086624	9.151140587200643
1684761570089624	9.155017624987522
1684761570092623	9.122385890281294
1684761570096724	9.152432933129603
1684761570099622	9.090077242057305
1684761570102622	9.155986884434242
1684761570106624	9.142740338662406
1684761570109623	9.107200825616019
1684761570113624	9.126262928068172
1684761570116622	9.1621255275968
1684761570119623	9.138217127911048
1684761570123625	9.13207848474849
1684761570126624	9.146617376449285
1684761570129624	9.144678857555846
1684761570133624	9.15954083573888
1684761570136937	9.157925403327681
1684761570139622	9.156956143880961
1684761570142622	9.145325030520326
1684761570146624	9.146617376449285
1684761570149624	9.148555895342724
1684761570152623	9.13337083067745
1684761570156624	9.156956143880961
1684761570159624	9.153402192576323
1684761570162623	9.123032063245773
1684761570165623	9.157279230363201
1684761570169624	9.156633057398722
1684761570172624	9.151463673682883
1684761570175623	9.148232808860485
1684761570178622	9.145971203484805
1684761570182624	9.146617376449285
1684761570185624	9.147586635896005
1684761570188622	9.148878981824964
1684761570191622	9.148232808860485
1684761570195624	9.149525154789444
1684761570198624	9.141771079215687
1684761570201622	9.13110922530177
1684761570204622	9.148232808860485
1684761570207676	9.149525154789444
1684761570211625	9.152109846647363
1684761570214622	9.030629329325166
1684761570218624	9.149202068307204
1684761570221624	9.145648117002565
1684761570224622	9.138540214393288
1684761570228625	9.137570954946568
1684761570231622	9.140801819768967
1684761570234622	9.055506988457637
1684761570237622	9.143063425144646
1684761570242626	9.107200825616019
1684761570245624	9.150494414236164
1684761570248622	9.150817500718404
1684761570251622	9.174402813921915
1684761570255624	8.70495815522736
1684761570258624	9.142094165697927
1684761570261623	9.140801819768967
1684761570265624	9.141124906251207
1684761570268624	9.15986392222112
1684761570271624	9.097831317631062
1684761570274622	9.143063425144646
1684761570278622	9.139832560322247
1684761570281623	9.137894041428808
1684761570284623	9.147263549413765
1684761570288625	9.149848241271684
1684761570291622	9.137570954946568
1684761570294623	9.154694538505282
1684761570297623	9.149848241271684
1684761570301714	9.140155646804487
1684761570304622	9.142094165697927
1684761570308624	9.149202068307204
1684761570311624	9.152756019611843
1684761570314623	9.144032684591366
1684761570317623	9.139509473840008
1684761570321625	9.138540214393288
1684761570324624	9.145001944038086
1684761570330506	9.10267761486466
1684761570333624	9.107200825616019
1684761570336624	9.145001944038086
1684761570340624	9.114631814707536
1684761570343623	9.153725279058563
1684761570346623	9.142417252180167
1684761570350624	9.153725279058563
1684761570353625	9.123678236210253
1684761570356622	9.136278609017609
1684761570360625	9.141124906251207
1684761570363623	9.122385890281294
1684761570366622	9.149525154789444
1684761570370624	9.112370209331857
1684761570373623	8.464581812440883
1684761570377624	9.151140587200643
1684761570380624	9.119478111941135
1684761570383623	9.147909722378245
1684761570386622	9.148878981824964
1684761570390624	9.13078613881953
1684761570393622	9.112047122849617
1684761570396622	9.140155646804487
1684761570399625	9.136601695499849
1684761570403625	9.136601695499849
1684761570406623	9.142740338662406
1684761570409622	9.148555895342724
1684761570413653	9.137894041428808
1684761570416624	9.139509473840008
1684761570419622	9.116893420083215
1684761570423624	9.13304774419521
1684761570426624	9.145325030520326
1684761570429624	9.118508852494415
1684761570432622	9.147263549413765
1684761570436624	9.078769215178909
1684761570439623	9.121416630834574
1684761570442622	9.112693295814097
1684761570446623	9.13434009012417
1684761570449625	9.129170706408331
1684761570452622	9.148878981824964
1684761570455623	9.151140587200643
1684761570459624	9.146617376449285
1684761570462624	9.099123663560022
1684761570465623	9.13498626308865
1684761570469624	9.140478733286727
1684761570472623	9.146617376449285
1684761570475624	9.143709598109126
1684761570479624	9.141124906251207
1684761570482622	9.137247868464328
1684761570485622	9.13466317660641
1684761570488622	9.138217127911048
1684761570492624	9.128524533443851
1684761570495623	9.168264170759358
1684761570499624	9.138217127911048
1684761570502622	9.148232808860485
1684761570505622	9.147263549413765
1684761570509624	9.150494414236164
1684761570512624	9.116893420083215
1684761570515622	9.138863300875528
1684761570519625	9.136278609017609
1684761570522624	9.01609043762437
1684761570526624	9.145648117002565
1684761570529624	9.138540214393288
1684761570532624	9.112693295814097
1684761570535623	9.148878981824964
1684761570539624	9.145648117002565
1684761570542622	9.144678857555846
1684761570545623	9.142417252180167
1684761570549623	9.140155646804487
1684761570552624	9.111077863402897
1684761570555623	9.150817500718404
1684761570559625	9.146294289967045
1684761570562624	9.087169463717146
1684761570565622	9.13498626308865
1684761570569623	9.141771079215687
1684761570572624	9.117539593047695
1684761570576624	9.148878981824964
1684761570579625	9.150171327753924
1684761570582624	9.149525154789444
1684761570585624	9.147586635896005
1684761570590128	9.151140587200643
1684761570594173	8.918841406470165
1684761570597879	9.146940462931525
1684761570602068	9.137894041428808
1684761570606163	9.152432933129603
1684761570610214	9.117539593047695
1684761570613926	8.742436187167186
1684761570617546	9.153079106094083
1684761570621699	9.138540214393288
1684761570625624	9.137894041428808
1684761570629625	9.142094165697927
1684761570633625	9.145648117002565
1684761570637622	9.139186387357768
1684761570641622	9.118831938976655
1684761570644624	9.081676993519068
1684761570648037	9.148878981824964
1684761570652622	9.139509473840008
1684761570656624	9.151463673682883
1684761570659622	9.148232808860485
1684761570662622	9.140478733286727
1684761570666624	9.135632436053129
1684761570669624	9.141771079215687
1684761570672623	9.151140587200643
1684761570676624	9.148232808860485
1684761570679624	9.136278609017609
1684761570683445	9.07618452332099
1684761570686624	9.141124906251207
1684761570689624	9.13046305233729
1684761570693624	9.124970582139213
1684761570696624	9.139509473840008
1684761570699625	9.071661312569631
1684761570702623	9.072630572016351
1684761570705622	9.136601695499849
1684761570709623	9.142094165697927
1684761570712622	9.148232808860485
1684761570715623	9.150171327753924
1684761570719624	9.150817500718404
1684761570722624	9.137570954946568
1684761570725622	9.146294289967045
1684761570729624	9.149525154789444
1684761570732622	9.150494414236164
1684761570735622	9.149848241271684
1684761570738622	9.135632436053129
1684761570742624	9.129816879372811
1684761570745623	9.148555895342724
1684761570749624	9.144355771073606
1684761570752622	9.10203144190018
1684761570756624	9.147263549413765
1684761570759622	9.145001944038086
1684761570762623	9.080707734072348
1684761570766624	9.135632436053129
1684761570769624	9.124001322692493
1684761570772623	9.153079106094083
1684761570776624	9.152109846647363
1684761570780218	9.148232808860485
1684761570783632	9.150817500718404
1684761570786622	9.144678857555846
1684761570789623	9.10332378782914
1684761570793624	9.148232808860485
1684761570796622	9.147909722378245
1684761570799622	9.124970582139213
1684761570803624	9.114308728225296
1684761570806623	9.148232808860485
1684761570809624	9.149848241271684
1684761570812624	9.149525154789444
1684761570815622	9.13304774419521
1684761570818622	9.141771079215687
1684761570822623	9.126586014550412
1684761570825622	9.141771079215687
1684761570828624	9.142094165697927
1684761570832624	9.140478733286727
1684761570835624	9.145648117002565
1684761570838622	9.136601695499849
1684761570843434	9.148878981824964
1684761570846624	9.148878981824964
1684761570849624	9.149525154789444
1684761570852682	9.147909722378245
1684761570855623	9.146294289967045
1684761570859623	9.135632436053129
1684761570862622	9.13466317660641
1684761570865623	9.129816879372811
1684761570868623	9.136278609017609
1684761570872624	9.151463673682883
1684761570875642	9.151786760165123
1684761570878622	9.149848241271684
1684761570882624	9.10590847968706
1684761570885622	9.136278609017609
1684761570888622	9.147586635896005
1684761570892624	9.098154404113302
1684761570895623	9.143063425144646
1684761570898623	9.135632436053129
1684761570902624	9.108816258027218
1684761570905659	8.803499532310525
1684761570908622	9.145325030520326
1684761570911622	9.150171327753924
1684761570915624	9.149525154789444
1684761570918624	9.149525154789444
1684761570921623	9.087815636681626
1684761570925624	9.1062315661693
1684761570928622	9.139186387357768
1684761570931622	9.143709598109126
1684761570935622	9.140155646804487
1684761570938624	9.136601695499849
1684761570942624	9.083615512412507
1684761570945624	9.138217127911048
1684761570948622	9.146940462931525
1684761570951622	9.128524533443851
1684761570955624	9.144032684591366
1684761570958623	9.149202068307204
1684761570961622	9.061645631620195
1684761570964623	9.13272465771297
1684761570968894	9.147909722378245
1684761570972624	9.088461809646105
1684761570976625	9.145971203484805
1684761570980625	9.121416630834574
1684761570983622	9.112047122849617
1684761570986622	9.13304774419521
1684761570990624	9.07521526387427
1684761570993623	9.146294289967045
1684761570997624	9.142740338662406
1684761571000684	9.140155646804487
1684761571005625	9.146940462931525
1684761571009624	9.139186387357768
1684761571012622	9.087169463717146
1684761571016625	9.150494414236164
1684761571019624	9.145648117002565
1684761571022623	9.106877739133779
1684761571026624	9.147586635896005
1684761571029622	9.150494414236164
1684761571032622	9.087492550199386
1684761571036789	9.146617376449285
1684761571039624	9.118508852494415
1684761571043623	9.127232187514892
1684761571046622	9.146617376449285
1684761571049622	9.148232808860485
1684761571053624	9.149525154789444
1684761571057135	9.152432933129603
1684761571059652	9.119478111941135
1684761571063654	9.121739717316814
1684761571066654	9.143386511626886
1684761571069654	9.126909101032652
1684761571072652	9.094923539290903
1684761571076654	9.143063425144646
1684761571079654	9.136924781982088
1684761571082654	9.128524533443851
1684761571085652	9.151140587200643
1684761571089654	9.151463673682883
1684761571092652	9.147909722378245
1684761571095652	9.139186387357768
1684761571099654	9.135955522535369
1684761571102652	9.136924781982088
1684761571106654	9.140801819768967
1684761571109654	9.136924781982088
1684761571112652	9.148232808860485
1684761571116654	9.149848241271684
1684761571119652	9.147909722378245
1684761571122654	9.092015760950744
1684761571125652	9.141124906251207
1684761571129654	9.145971203484805
1684761571132652	9.140155646804487
1684761571135652	9.16341787352576
1684761571138652	9.150171327753924
1684761571142652	9.116893420083215
1684761571145652	9.146940462931525
1684761571149654	9.142094165697927
1684761571152652	9.058737853280036
1684761571155652	9.155340711469762
1684761571159654	9.135955522535369
1684761571162652	9.123032063245773
1684761571166654	9.141447992733447
1684761571169654	9.143709598109126
1684761571172654	9.143386511626886
1684761571175902	9.153402192576323
1684761571178652	9.156956143880961
1684761571182654	9.081030820554588
1684761571185653	9.152109846647363
1684761571188654	9.157602316845441
1684761571191652	9.13175539826625
1684761571195655	9.151140587200643
1684761571198652	9.149525154789444
1684761571201652	9.139832560322247
1684761571205654	9.137247868464328
1684761571208654	9.15921774925664
1684761571211652	9.16115626815008
1684761571215654	9.04839908584836
1684761571218652	9.149525154789444
1684761571221652	9.122708976763533
1684761571226653	9.148232808860485
1684761571231734	9.149525154789444
1684761571235654	9.152756019611843
1684761571240654	9.152432933129603
1684761571244652	9.141447992733447
1684761571248654	9.166648738348158
1684761571252655	9.119801198423374
1684761571256652	9.165356392419199
1684761571260652	9.166002565383678
1684761571264654	9.137247868464328
1684761571267654	9.163740960007999
1684761571270652	9.114954901189776
1684761571273652	9.16147935463232
1684761571277673	9.170848862617277
1684761571280652	9.137247868464328
1684761571284654	9.145325030520326
1684761571287683	9.16180244111456
1684761571290652	9.164387132972479
1684761571293652	9.153079106094083
1684761571297654	9.166648738348158
1684761571300653	9.13337083067745
1684761571303653	9.156956143880961
1684761571307654	9.169233430206077
1684761571310654	9.171818122063996
1684761571313653	9.172787381510716
1684761571316652	9.170525776135037
1684761571320653	9.185387754318072
1684761571328350	9.178602938191034
1684761571333654	9.177310592262074
1684761571337654	9.178926024673274
1684761571341651	9.167294911312638
1684761571344652	9.150494414236164
1684761571348653	9.177310592262074
1684761571351652	9.140478733286727
1684761571355654	9.165356392419199
1684761571358654	9.178602938191034
1684761571361652	9.152109846647363
1684761571365654	9.173110467992956
1684761571368654	9.179895284119993
1684761571371654	9.10429304727586
1684761571374652	9.174725900404155
1684761571378654	9.173756640957436
1684761571381652	9.144355771073606
1684761571384653	9.178926024673274
1684761571387652	9.182803062460152
1684761571391654	9.185710840800311
1684761571394654	9.156309970916482
1684761571398656	9.175372073368635
1684761571401653	9.174079727439675
1684761571404652	9.151786760165123
1684761571407652	9.19023405155167
1684761571411652	9.18926479210495
1684761571414652	8.712389144318877
1684761571417652	9.178279851708794
1684761571421654	9.181187630048953
1684761571424652	9.147586635896005
1684761571427652	9.178926024673274
1684761571431654	9.184741581353592
1684761571434653	9.185710840800311
1684761571437652	9.186357013764791
1684761571441654	9.19152639748063
1684761571444652	9.180864543566713
1684761571448654	9.182803062460152
1684761571451654	9.192818743409589
1684761571454652	9.183126148942392
1684761571458652	9.186033927282551
1684761571461652	9.19120331099839
1684761571465654	9.186033927282551
1684761571468654	9.19152639748063
1684761571471653	9.185387754318072
1684761571475654	9.18926479210495
1684761571478652	9.200572818983346
1684761571481652	9.192818743409589
1684761571485654	9.183126148942392
1684761571488654	9.193464916374069
1684761571491653	9.194434175820788
1684761571494652	9.1588946627744
1684761571498654	9.19217257044511
1684761571501654	8.710127538943198
1684761571504652	9.202834424359025
1684761571508654	9.202834424359025
1684761571511654	9.196695781196468
1684761571514653	9.201865164912306
1684761571517652	9.197988127125427
1684761571521654	9.18797244617599
1684761571524653	9.169556516688317
1684761571527654	9.199926646018866
1684761571530652	8.96245808157255
1684761571534654	9.205419116216945
1684761571537653	9.206388375663664
1684761571540652	9.182479975977913
1684761571544654	9.174725900404155
1684761571547652	9.205096029734705
1684761571551654	9.207680721592624
1684761571554654	9.196695781196468
1684761571557652	9.210265413450543
1684761571561652	9.197988127125427
1684761571564652	9.173756640957436
1684761571567652	9.181187630048953
1684761571571666	9.208973067521583
1684761571574652	9.18732627321151
1684761571577652	9.212203932343982
1684761571581654	9.209942326968303
1684761571584654	9.194434175820788
1684761571587652	9.198311213607667
1684761571591654	9.171818122063996
1684761571594654	9.205742202699184
1684761571597653	9.214465537719661
1684761571600652	9.19152639748063
1684761571604654	9.165033305936959
1684761571607652	9.208326894557104
1684761571610652	9.202188251394546
1684761571614655	9.202834424359025
1684761571617652	9.215111710684141
1684761571620652	9.181187630048953
1684761571624654	9.175695159850875
1684761571627653	9.199603559536627
1684761571630652	9.158248489809921
1684761571634654	9.208649981039343
1684761571637652	9.21737331605982
1684761571640652	9.186357013764791
1684761571643652	9.208973067521583
1684761571647653	9.21672714309534
1684761571650712	9.172787381510716
1684761571653654	9.197665040643187
1684761571656652	9.21705022957758
1684761571660652	9.21705022957758
1684761571663652	9.204772943252465
1684761571667652	9.213819364755182
1684761571670652	9.21931183495326
1684761571674654	9.197341954160947
1684761571677652	9.215434797166381
1684761571680652	9.212527018826222
1684761571683652	9.211234672897262
1684761571687654	9.210265413450543
1684761571690654	9.18926479210495
1684761571693653	9.16309478704352
1684761571696652	9.21898874847102
1684761571700655	9.2196349214355
1684761571703654	9.223188872740138
1684761571706652	9.223188872740138
1684761571709652	9.228035169973737
1684761571713712	9.214788624201901
1684761571716653	9.214142451237421
1684761571719652	9.214142451237421
1684761571723653	9.230296775349416
1684761571726653	9.224158132186858
1684761571729654	9.208649981039343
1684761571732652	9.195726521749748
1684761571735652	9.233850726654055
1684761571739653	9.230942948313896
1684761571742653	9.176987505779834
1684761571746366	9.21769640254206
1684761571749654	9.22028109439998
1684761571752652	9.224804305151338
1684761571755652	9.225773564598057
1684761571758652	9.230296775349416
1684761571762658	9.223835045704618
1684761571765652	9.222542699775659
1684761571769654	9.21866566198878
1684761571772652	9.19088022451615
1684761571776830	9.230942948313896
1684761571780654	9.234173813136294
1684761571784652	9.222865786257898
1684761571787652	9.230942948313896
1684761571791654	9.231589121278375
1684761571794652	9.227712083491497
1684761571797654	9.229650602384936
1684761571801655	8.956965611374471
1684761571804654	9.235789245547494
1684761571807652	9.229327515902696
1684761571811653	9.230296775349416
1684761571814652	9.239989369816612
1684761571818654	9.239020110369893
1684761571821796	9.21737331605982
1684761571825179	9.209619240486063
1684761571827652	9.224804305151338
1684761571831654	9.176018246333115
1684761571834654	9.177310592262074
1684761571837652	9.241604802227812
1684761571841660	9.232881467207335
1684761571844652	9.203157510841265
1684761571847652	9.231912207760615
1684761571851654	9.1621255275968
1684761571854654	9.201218991947826
1684761571857880	9.24515875353245
1684761571860808	9.18926479210495
1684761571863808	9.22060418088222
1684761571867868	9.232558380725095
1684761571870810	9.238050850923173
1684761571873810	9.24612801297917
1684761571877808	9.24903579131933
1684761571880810	9.193788002856309
1684761571884811	9.181833803013433
1684761571888300	9.24645109946141
1684761571890808	9.235466159065254
1684761571894810	9.24612801297917
1684761571897809	9.242897148156771
1684761571900808	9.234496899618534
1684761571904812	9.227712083491497
1684761571907810	9.250328137248289
1684761571910810	9.251297396695009
1684761571913808	9.21898874847102
1684761571918088	9.242897148156771
1684761571920810	9.196695781196468
1684761571923808	9.234496899618534
1684761571927809	9.24709727242589
1684761571930868	9.250651223730529
1684761571933868	9.199280473054387
1684761571937810	9.253882088552928
1684761571940810	9.24612801297917
1684761571943810	9.200572818983346
1684761571946808	9.240958629263332
1684761571950810	9.257759126339806
1684761571953808	9.24677418594365
1684761571957810	9.253559002070688
1684761571960808	9.27455962341628
1684761571963808	9.235466159065254
1684761571967866	9.24451258056797
1684761571970808	9.250974310212769
1684761571973808	9.250651223730529
1684761571977810	9.250328137248289
1684761571980830	9.211880845861742
1684761571983808	9.24515875353245
1684761571987810	9.257759126339806
1684761571990811	9.258405299304286
1684761571994870	9.252266656141728
1684761571998810	9.265836288395803
1684761572001808	9.222219613293419
1684761572004809	9.239989369816612
1684761572008810	9.260343818197725
1684761572011808	9.16083318166784
1684761572014808	9.264220855984604
1684761572018810	9.257759126339806
1684761572021808	9.243866407603491
1684761572024809	9.24742035890813
1684761572028810	9.264867028949084
1684761572031810	9.228358256455977
1684761572035810	9.257436039857566
1684761572038811	9.256466780410847
1684761572041809	9.250651223730529
1684761572044808	9.259697645233246
1684761572048808	9.265513201913564
1684761572052810	9.22060418088222
1684761572055810	9.24903579131933
1684761572059811	9.261636164126685
1684761572062808	9.236758504994214
1684761572065808	9.263251596537884
1684761572068808	9.263251596537884
1684761572072810	9.081030820554588
1684761572075808	9.262282337091165
1684761572078810	9.262928510055644
1684761572082810	9.264543942466844
1684761572085810	9.259697645233246
1684761572088810	9.255820607446367
1684761572092964	9.261313077644445
1684761572095809	9.261313077644445
1684761572098810	9.258405299304286
1684761572101808	9.24612801297917
1684761572105809	9.265190115431324
1684761572108918	9.260666904679965
1684761572112810	9.260020731715485
1684761572115809	9.260020731715485
1684761572118810	9.271974931558361
1684761572121809	9.15921774925664
1684761572125810	9.257436039857566
1684761572128810	9.269067153218202
1684761572131808	9.272944191005081
1684761572135810	9.27326727748732
1684761572138809	9.271005672111642
1684761572141808	9.271005672111642
1684761572145810	9.250328137248289
1684761572148810	9.275528882863
1684761572151810	9.272298018040601
1684761572154808	9.271651845076121
1684761572158812	9.271005672111642
1684761572161810	9.24903579131933
1684761572164808	9.27326727748732
1684761572167808	9.271651845076121
1684761572171810	9.263574683020124
1684761572174808	9.213173191790702
1684761572177808	9.289744688081555
1684761572180808	9.288775428634835
1684761572184810	8.955027092481032
1684761572187825	9.27811357472092
1684761572190809	9.282313698990038
1684761572193808	9.255497520964127
1684761572197810	9.292006293457234
1684761572200810	9.27455962341628
1684761572203810	9.252266656141728
1684761572207024	9.281667526025558
1684761572210809	9.291683206974994
1684761572213808	9.289744688081555
1684761572216809	9.295560244761873
1684761572219809	9.282959871954517
1684761572223810	9.293944812350674
1684761572226811	9.296852590690833
1684761572229808	9.242250975192292
1684761572232808	9.242250975192292
1684761572236810	9.296529504208593
1684761572239808	9.241281715745572
1684761572243962	9.272621104522841
1684761572246810	9.224804305151338
1684761572249808	9.296529504208593
1684761572253822	9.260989991162205
1684761572256808	9.289098515117075
1684761572259808	9.287159996223636
1684761572263966	9.284898390847957
1684761572266811	9.296852590690833
1684761572269808	9.292975552903954
1684761572273869	9.300729628477711
1684761572276808	9.298144936619792
1684761572279810	9.294267898832913
1684761572282808	9.290713947528275
1684761572285810	9.292006293457234
1684761572289810	9.289744688081555
1684761572292810	9.262928510055644
1684761572295808	9.292652466421714
1684761572300144	9.27746740175644
1684761572302808	9.272944191005081
1684761572306810	9.292975552903954
1684761572309834	9.30234506088891
1684761572312808	9.284252217883477
1684761572315809	9.30396049330011
1684761572319810	9.293298639386194
1684761572324809	9.301052714959951
1684761572328811	9.292006293457234
1684761572331809	9.286836909741396
1684761572334869	9.2180194890243
1684761572337808	9.298144936619792
1684761572341810	9.271651845076121
1684761572344808	9.307514444604749
1684761572347808	9.306868271640269
1684761572350808	8.785406689305091
1684761572354810	9.1588946627744
1684761572357810	9.309776049980428
1684761572360810	9.27326727748732
1684761572363808	9.30589901219355
1684761572366808	9.309452963498188
1684761572370810	9.301375801442191
1684761572373808	9.298468023102032
1684761572377810	9.30396049330011
1684761572380810	9.30492975274683
1684761572383810	9.30234506088891
1684761572386809	9.30654518515803
1684761572389808	9.167617997794878
1684761572392808	8.856485715397866
1684761572396810	9.317207039071945
1684761572399810	9.314299260731786
1684761572402808	9.326253460574662
1684761572405808	9.309129877015948
1684761572409916	9.30492975274683
1684761572412810	9.268420980253723
1684761572415808	9.316560866107466
1684761572419808	9.30622209867579
1684761572422808	9.293298639386194
1684761572426810	9.295237158279633
1684761572429809	9.312683828320587
1684761572432810	9.322699509270024
1684761572435810	9.323345682234503
1684761572439810	9.308806790533708
1684761572443818	9.30589901219355
1684761572447562	9.319145557965385
1684761572450809	9.323668768716743
1684761572454810	9.308483704051469
1684761572457809	9.316883952589706
1684761572460808	9.30428357978235
1684761572464826	9.301698887924431
1684761572467811	9.324314941681223
1684761572470808	9.257759126339806
1684761572474810	9.27746740175644
1684761572477810	9.318822471483145
1684761572480808	9.286190736776916
1684761572484810	8.752774954598863
1684761572487809	9.324314941681223
1684761572490808	9.318176298518665
1684761572494810	9.33174593077274
1684761572497808	9.329484325397061
1684761572501810	9.300406541995471
1684761572504810	9.300729628477711
1684761572507808	9.318822471483145
1684761572511810	9.329807411879301
1684761572514809	9.270682585629402
1684761572517808	9.33045358484378
1684761572521810	9.282636785472278
1684761572524808	9.30202197440667
1684761572527808	9.317530125554185
1684761572531810	9.320114817412104
1684761572534810	9.316883952589706
1684761572537808	9.320437903894344
1684761572541808	9.297821850137552
1684761572544810	9.328191979468102
1684761572548868	9.323345682234503
1684761572551810	9.19217257044511
1684761572554808	9.30428357978235
1684761572558810	9.326899633539142
1684761572561808	9.30363740681787
1684761572564811	9.327545806503622
1684761572568811	9.323991855198983
1684761572571809	9.327222720021382
1684761572574808	9.33077667132602
1684761572577808	9.320437903894344
1684761572581810	9.325930374092422
1684761572584811	9.329807411879301
1684761572587810	9.33497679559514
1684761572590808	9.340792352275457
1684761572594810	9.330130498361541
1684761572597810	9.308483704051469
1684761572601811	9.266159374878043
1684761572604808	9.33529988207738
1684761572607808	9.33529988207738
1684761572610810	9.342084698204417
1684761572614810	8.611586161860032
1684761572617808	9.344346303580096
1684761572621810	9.294914071797393
1684761572624810	9.321084076858824
1684761572627810	9.347900254884735
1684761572630808	9.283282958436757
1684761572633808	9.341761611722177
1684761572637810	9.33400753614842
1684761572640810	9.299760369030992
1684761572643808	9.341438525239937
1684761572647810	9.344992476544576
1684761572651811	9.285221477330197
1684761572654809	9.351454206189374
1684761572658810	9.340792352275457
1684761572661810	9.294914071797393
1684761572664808	9.337561487453058
1684761572668811	9.337561487453058
1684761572671810	9.346930995438015
1684761572675810	9.328838152432581
1684761572678811	9.346607908955775
1684761572681808	9.358562108798651
1684761572684810	9.354038898047293
1684761572687808	9.343700130615616
1684761572691810	9.311068395909388
1684761572694808	9.347254081920255
1684761572697808	9.344669390062336
1684761572701810	9.354361984529532
1684761572704810	9.326899633539142
1684761572708810	9.344023217097856
1684761572711810	9.356623589905212
1684761572714808	9.345638649509056
1684761572718810	9.358562108798651
1684761572721808	9.324314941681223
1684761572724810	9.319468644447625
1684761572727808	9.356300503422972
1684761572730808	9.348546427849215
1684761572734808	9.348546427849215
1684761572737810	9.347577168402495
1684761572740808	9.356300503422972
1684761572745190	9.353715811565053
1684761572748827	9.346930995438015
1684761572751808	9.312683828320587
1684761572755810	9.352423465636093
1684761572758810	9.36146988713881
1684761572761807	9.326899633539142
1684761572765810	9.352100379153853
1684761572768808	9.351454206189374
1684761572771808	9.320760990376584
1684761572775808	9.352423465636093
1684761572779812	9.365346924925689
1684761572782810	9.3346537091129
1684761572785808	9.351777292671613
1684761572789810	9.356300503422972
1684761572792970	9.326576547056902
1684761572796810	9.36050062769209
1684761572799808	9.354038898047293
1684761572802808	9.353392725082813
1684761572805808	9.357269762869691
1684761572809969	9.340146179310977
1684761572812808	9.365023838443449
1684761572816810	9.358239022316411
1684761572819812	9.353715811565053
1684761572822810	9.358239022316411
1684761572825808	9.36017754120985
1684761572828811	9.356946676387452
1684761572832810	9.357915935834171
1684761572835808	9.35920828176313
1684761572838810	9.371808654570486
1684761572842810	9.367931616783608
1684761572845809	9.357592849351931
1684761572848808	9.36114680065657
1684761572851808	9.21737331605982
1684761572855809	9.36114680065657
1684761572858811	9.36243914658553
1684761572861810	9.344023217097856
1684761572864808	9.350161860260414
1684761572868810	9.368900876230327
1684761572871808	9.366639270854648
1684761572875810	9.367931616783608
1684761572878809	9.377624211250804
1684761572881808	9.350808033224894
1684761572884811	9.371808654570486
1684761572888810	9.367285443819128
1684761572891808	9.369547049194807
1684761572895810	9.369223962712567
1684761572898810	9.381178162555443
1684761572901808	9.376331865321845
1684761572904809	9.351131119707134
1684761572908810	9.374716432910645
1684761572911808	9.380531989590963
1684761572915810	9.379239643662004
1684761572918810	9.383116681448882
1684761572921808	9.378593470697524
1684761572925809	9.379885816626484
1684761572928808	9.385055200342322
1684761572931808	9.351454206189374
1684761572935871	9.373747173463926
1684761572938808	9.376978038286325
1684761572941808	9.346607908955775
1684761572945810	9.385055200342322
1684761572948810	9.351131119707134
1684761572952811	9.374716432910645
1684761572955808	9.375685692357365
1684761572958810	9.378916557179764
1684761572961809	9.374070259946166
1684761572965810	9.371808654570486
1684761572969810	9.38796297868248
1684761572972810	9.27359036396956
1684761572975810	9.38990149757592
1684761572978808	9.379239643662004
1684761572982810	9.378593470697524
1684761572985808	9.38828606516472
1684761572989868	9.38796297868248
1684761572992809	9.319468644447625
1684761572995808	9.384732113860082
1684761572999810	9.39087075702264
1684761573003808	9.384732113860082
1684761573006808	9.39151692998712
1684761573009808	9.355331243976252
1684761573013810	9.383116681448882
1684761573016810	9.383116681448882
1684761573019808	9.371808654570486
1684761573023810	9.355008157494012
1684761573026822	9.39087075702264
1684761573029808	9.39022458405816
1684761573032808	9.3905476705404
1684761573036810	9.3889322381292
1684761573039808	9.368254703265848
1684761573042808	9.39022458405816
1684761573046810	9.377624211250804
1684761573049808	9.387316805718001
1684761573053810	9.396040140738478
1684761573056986	9.386993719235761
1684761573060910	9.36082371417433
1684761573063808	9.396363227220718
1684761573066810	9.39119384350488
1684761573070812	9.386993719235761
1684761573073808	9.3905476705404
1684761573077810	9.35953136824537
1684761573080810	9.36211606010329
1684761573083810	9.397009400185198
1684761573086808	9.397009400185198
1684761573090809	9.338530746899778
1684761573093810	9.384409027377842
1684761573096808	9.399594092043117
1684761573100810	9.356623589905212
1684761573103889	9.181833803013433
1684761573106811	9.38860915164696
1684761573110869	9.397655573149677
1684761573113808	9.345638649509056
1684761573116810	9.401532610936556
1684761573120810	9.404440389276715
1684761573123809	9.372777914017206
1684761573126808	9.39151692998712
1684761573130810	9.341438525239937
1684761573133809	9.406701994652394
1684761573136808	9.407671254099114
1684761573140808	9.355977416940732
1684761573143808	9.396686313702958
1684761573147810	9.403471129829995
1684761573150808	9.397978659631917
1684761573153808	9.395070881291758
1684761573157810	9.403794216312235
1684761573160810	9.385378286824562
1684761573163808	9.382793594966643
1684761573166809	9.402824956865516
1684761573170810	9.406378908170154
1684761573173808	9.399917178525357
1684761573176808	9.400886437972076
1684761573180810	9.345638649509056
1684761573183810	9.33368444966618
1684761573186810	9.38860915164696
1684761573189808	9.403794216312235
1684761573193810	9.401532610936556
1684761573196810	9.41801002153079
1684761573199808	9.411548291885993
1684761573204132	9.385378286824562
1684761573207810	9.38828606516472
1684761573210810	9.323991855198983
1684761573213811	9.3921631029516
1684761573217810	9.403471129829995
1684761573220868	9.352423465636093
1684761573223811	9.38796297868248
1684761573227869	9.3905476705404
1684761573230809	9.399594092043117
1684761573233808	9.394747794809518
1684761573237810	9.395717054256238
1684761573240809	9.384732113860082
1684761573243810	9.394747794809518
1684761573247810	9.393132362398319
1684761573250810	9.401209524454316
1684761573254809	9.402824956865516
1684761573257808	9.39119384350488
1684761573261810	9.393778535362799
1684761573264810	9.345961735991295
1684761573268811	9.397978659631917
1684761573271808	9.341438525239937
1684761573274808	9.394101621845039
1684761573278809	9.399917178525357
1684761573281810	9.397009400185198
1684761573284808	9.380208903108723
1684761573287811	9.398624832596397
1684761573291810	9.402178783901036
1684761573294810	9.373424086981686
1684761573297810	9.396363227220718
1684761573301810	9.397009400185198
1684761573304809	9.379562730144244
1684761573307810	9.38763989220024
1684761573311810	9.396686313702958
1684761573315780	9.383762854413362
1684761573318808	9.402178783901036
1684761573322810	9.365670011407929
1684761573328004	9.38828606516472
1684761573330809	9.396363227220718
1684761573334810	9.397978659631917
1684761573337810	9.394101621845039
1684761573340810	9.38990149757592
1684761573343808	9.367608530301368
1684761573347810	9.393778535362799
1684761573350808	9.402178783901036
1684761573353808	9.324961114645703
1684761573357810	9.402501870383276
1684761573360810	9.38925532461144
1684761573363808	9.38990149757592
1684761573367810	9.400886437972076
1684761573370810	9.3921631029516
1684761573374810	9.39184001646936
1684761573377810	9.139832560322247
1684761573380810	9.337561487453058
1684761573383809	9.39151692998712
1684761573386808	9.38990149757592
1684761573390810	9.39151692998712
1684761573393810	9.356623589905212
1684761573396809	9.393778535362799
1684761573399808	9.399271005560877
1684761573403810	9.39087075702264
1684761573406810	9.38796297868248
1684761573409809	9.371808654570486
1684761573412808	9.372454827534966
1684761573416810	9.394747794809518
1684761573419808	9.38763989220024
1684761573422978	9.326576547056902
1684761573425808	9.348546427849215
1684761573429811	9.397009400185198
1684761573432830	9.401209524454316
1684761573435810	9.402824956865516
1684761573438808	9.398301746114157
1684761573442810	9.346284822473535
1684761573445810	9.395070881291758
1684761573448808	9.3889322381292
1684761573451808	9.384409027377842
1684761573455811	9.399271005560877
1684761573458810	9.406378908170154
1684761573461808	9.401532610936556
1684761573465810	9.374716432910645
1684761573468810	9.396040140738478
1684761573471810	9.400886437972076
1684761573475809	9.393778535362799
1684761573478811	9.396686313702958
1684761573481810	9.399271005560877
1684761573485809	9.375039519392885
1684761573488810	9.399917178525357
1684761573491811	9.401209524454316
1684761573494810	9.398624832596397
1684761573497808	9.39087075702264
1684761573501810	9.386024459789041
1684761573504808	9.38828606516472
1684761573507810	9.398624832596397
1684761573511810	9.367285443819128
1684761573514810	9.24935887780157
1684761573517810	9.399594092043117
1684761573520810	9.237727764440933
1684761573524810	9.372454827534966
1684761573527810	9.39119384350488
1684761573530809	9.402501870383276
1684761573534810	9.402501870383276
1684761573537809	9.397009400185198
1684761573540808	9.392809275916079
1684761573543808	9.392809275916079
1684761573547810	9.399594092043117
1684761573550810	9.383439767931122
1684761573553810	9.402501870383276
1684761573556810	9.400240265007596
1684761573559808	9.344346303580096
1684761573562808	9.374393346428405
1684761573566810	9.400240265007596
1684761573569810	9.401855697418796
1684761573572810	9.402178783901036
1684761573575811	9.387316805718001
1684761573578808	9.402501870383276
1684761573581808	9.375685692357365
1684761573585810	9.384409027377842
1684761573588810	9.382470508484403
1684761573591808	8.543738000589656
1684761573595810	9.392809275916079
1684761573598809	9.402178783901036
1684761573601808	9.400240265007596
1684761573605897	9.374070259946166
1684761573609602	9.398624832596397
1684761573613086	9.314622347214026
1684761573616380	9.355331243976252
1684761573619848	9.399917178525357
1684761573622810	9.343377044133376
1684761573625808	9.386347546271281
1684761573629810	9.38990149757592
1684761573632810	9.369223962712567
1684761573635810	9.400886437972076
1684761573639810	9.396363227220718
1684761573642810	9.3889322381292
1684761573645808	9.38990149757592
1684761573649918	9.399917178525357
1684761573652835	9.39184001646936
1684761573656810	9.39151692998712
1684761573659809	9.386670632753521
1684761573662810	9.357915935834171
1684761573667055	9.384085940895602
1684761573670906	9.343700130615616
1684761573675519	9.378916557179764
1684761573680809	9.393455448880559
1684761573683809	9.35953136824537
1684761573688811	9.3889322381292
1684761573692810	9.368900876230327
1684761573696811	9.400563351489836
1684761573699818	9.36179297362105
1684761573704811	9.385378286824562
1684761573708812	9.397009400185198
1684761573711810	9.297175677173072
1684761573714808	9.371808654570486
1684761573718808	9.397978659631917
1684761573721808	9.397009400185198
1684761573724808	9.3889322381292
1684761573728811	9.396363227220718
1684761573731810	9.335622968559619
1684761573734810	9.38990149757592
1684761573737808	9.38828606516472
1684761573741976	9.19023405155167
1684761573744811	9.365670011407929
1684761573747808	9.38990149757592
1684761573750808	9.395393967773998
1684761573754810	9.399917178525357
1684761573757810	9.392809275916079
1684761573760808	9.393132362398319
1684761573764811	9.38957841109368
1684761573767810	9.38796297868248
1684761573770810	9.38796297868248
1684761573773808	8.849377812788589
1684761573777810	9.39022458405816
1684761573780810	9.350808033224894
1684761573783810	9.354685071011772
1684761573786808	9.39151692998712
1684761573790808	9.336915314488579
1684761573793808	9.38828606516472
1684761573796811	9.392809275916079
1684761573800809	9.384085940895602
1684761573803810	9.399271005560877
1684761573806808	9.38925532461144
1684761573810810	9.36340840603225
1684761573813808	9.39184001646936
1684761573816808	9.394424708327278
1684761573819809	9.364377665478969
1684761573823809	9.397978659631917
1684761573826810	9.398624832596397
1684761573829808	9.400240265007596
1684761573833810	9.39248618943384
1684761573836810	9.3905476705404
1684761573839808	9.39151692998712
1684761573843810	9.290067774563795
1684761573846864	9.387316805718001
1684761573850893	9.373424086981686
1684761573853809	9.401209524454316
1684761573858040	9.401209524454316
1684761573861048	9.373747173463926
1684761573864048	9.379562730144244
1684761573868050	9.394747794809518
1684761573871049	9.378270384215284
1684761573874048	9.358562108798651
1684761573878050	9.399271005560877
1684761573881050	9.379239643662004
1684761573884049	9.282313698990038
1684761573887048	9.386024459789041
1684761573891048	9.38763989220024
1684761573894049	9.394424708327278
1684761573897048	9.392809275916079
1684761573901050	9.397655573149677
1684761573904715	9.364054578996729
1684761573908050	9.385378286824562
1684761573911050	9.393455448880559
1684761573914050	9.39119384350488
1684761573917048	9.400563351489836
1684761573921050	9.370839395123767
1684761573925049	9.397655573149677
1684761573928048	9.397332486667437
1684761573931049	9.401532610936556
1684761573934048	9.401209524454316
1684761573937048	9.364377665478969
1684761573941050	9.366639270854648
1684761573944049	9.386024459789041
1684761573947048	9.386347546271281
1684761573950048	9.374393346428405
1684761573954048	9.396363227220718
1684761573957049	9.394101621845039
1684761573960048	9.386347546271281
1684761573964052	9.3889322381292
1684761573967049	9.386993719235761
1684761573970048	9.396040140738478
1684761573974048	9.413809897261672
1684761573977048	9.399917178525357
1684761573981050	9.372777914017206
1684761573985050	9.394747794809518
1684761573990056	9.401209524454316
1684761573994048	9.401532610936556
1684761573998596	9.3905476705404
1684761574002244	9.35985445472761
1684761574006050	9.394747794809518
1684761574010049	9.396363227220718
1684761574013619	9.401209524454316
1684761574017048	9.396040140738478
1684761574020048	9.375362605875125
1684761574024108	9.376331865321845
1684761574027048	9.3905476705404
1684761574030160	9.394101621845039
1684761574034050	9.38990149757592
1684761574037048	9.39248618943384
1684761574041050	9.400240265007596
1684761574044598	9.369547049194807
1684761574047048	9.396040140738478
1684761574051050	9.394101621845039
1684761574054048	9.396040140738478
1684761574057273	9.405409648723435
1684761574061060	9.39184001646936
1684761574065173	9.376654951804085
1684761574068048	9.400240265007596
1684761574072050	9.393132362398319
1684761574075048	9.399917178525357
1684761574079050	9.396040140738478
1684761574082050	9.381501249037683
1684761574085048	9.385701373306802
1684761574088050	9.400240265007596
1684761574092161	9.412194464850472
1684761574095049	9.392809275916079
1684761574098048	9.394424708327278
1684761574102048	9.372454827534966
1684761574105048	9.355977416940732
1684761574108048	9.397332486667437
1684761574112050	9.395717054256238
1684761574115050	9.394424708327278
1684761574118048	9.394747794809518
1684761574122050	9.370193222159287
1684761574125108	9.36308531955001
1684761574128050	9.404440389276715
1684761574131048	9.395070881291758
1684761574135050	9.394101621845039
1684761574138049	9.401532610936556
1684761574142050	9.374070259946166
1684761574145049	9.371808654570486
1684761574148048	9.411225205403753
1684761574152048	9.405732735205675
1684761574155048	9.408640513545834
1684761574158048	9.394424708327278
1684761574162049	9.376978038286325
1684761574165048	9.383439767931122
1684761574169050	9.408963600028073
1684761574172050	9.294267898832913
1684761574175048	9.394424708327278
1684761574179050	9.397655573149677
1684761574182048	9.380208903108723
1684761574185049	9.403794216312235
1684761574189051	9.404763475758955
1684761574192049	9.379885816626484
1684761574195049	9.384085940895602
1684761574198048	9.398624832596397
1684761574202050	9.369870135677047
1684761574205050	8.913025849789847
1684761574208049	9.401209524454316
1684761574211048	9.317853212036425
1684761574215048	9.411548291885993
1684761574218050	9.41768693504855
1684761574221050	9.381178162555443
1684761574224048	9.407025081134634
1684761574228050	9.400563351489836
1684761574231048	8.747282484400785
1684761574234048	9.380531989590963
1684761574238222	9.414456070226151
1684761574241048	9.401855697418796
1684761574244048	9.397009400185198
1684761574248048	9.413809897261672
1684761574251049	8.640017772297142
1684761574255048	9.408963600028073
1684761574258048	9.409286686510313
1684761574261048	9.382470508484403
1684761574265050	9.402824956865516
1684761574268050	9.41736384856631
1684761574271049	9.364377665478969
1684761574274048	9.366639270854648
1684761574278050	9.41897928097751
1684761574281048	9.408317427063594
1684761574285108	9.402178783901036
1684761574288048	9.411548291885993
1684761574292050	9.41897928097751
1684761574295048	9.426410270069027
1684761574298048	9.412194464850472
1684761574301048	9.38957841109368
1684761574305049	9.414456070226151
1684761574308049	9.427379529515747
1684761574312050	9.348869514331454
1684761574315156	9.421887059317669
1684761574318048	9.421563972835429
1684761574321048	9.394424708327278
1684761574327180	9.41704076208407
1684761574331396	9.428348788962467
1684761574335049	9.42059471338871
1684761574339048	9.42091779987095
1684761574343049	9.41704076208407
1684761574346049	9.41801002153079
1684761574349048	9.41639458911959
1684761574353048	9.424471751175588
1684761574356048	9.429641134891426
1684761574358950	9.426410270069027
1684761574362951	9.426733356551267
1684761574365950	9.285867650294676
1684761574368951	9.422533232282149
1684761574371950	9.341438525239937
1684761574375952	9.41833310801303
1684761574378951	9.42091779987095
1684761574381950	9.42059471338871
1684761574384950	9.411225205403753
1684761574388952	9.42027162690647
1684761574391952	9.423502491728868
1684761574394951	9.243543321121251
1684761574397950	9.433518172678305
1684761574401954	9.424148664693348
1684761574404952	9.408640513545834
1684761574407951	9.41994854042423
1684761574411952	9.423179405246628
1684761574414952	9.423179405246628
1684761574417950	9.431902740267105
1684761574421952	9.372777914017206
1684761574424950	9.428348788962467
1684761574428487	9.430287307855906
1684761574431952	9.422210145799909
1684761574434952	9.393778535362799
1684761574437949	9.432548913231585
1684761574441952	9.3921631029516
1684761574444952	9.42091779987095
1684761574447950	9.426410270069027
1684761574450950	9.427379529515747
1684761574453950	9.428671875444707
1684761574457953	9.430287307855906
1684761574461952	9.42124088635319
1684761574464951	9.439979902323103
1684761574467950	9.441595334734302
1684761574471952	9.44547237252118
1684761574474952	9.382147422002163
1684761574477950	9.434810518607264
1684761574481951	9.353069638600573
1684761574484952	9.433841259160545
1684761574487950	9.439979902323103
1684761574490950	9.395393967773998
1684761574494952	9.366639270854648
1684761574497952	9.41801002153079
1684761574501951	9.430610394338146
1684761574504952	9.396363227220718
1684761574507950	9.439656815840863
1684761574511952	9.429641134891426
1684761574514952	9.439333729358623
1684761574517950	9.441918421216542
1684761574522181	9.424794837657828
1684761574525952	9.431579653784866
1684761574528950	9.436102864536224
1684761574531950	9.439333729358623
1684761574534950	9.450641756237019
1684761574538952	9.451611015683739
1684761574541950	9.427379529515747
1684761574545953	9.435456691571744
1684761574548952	9.442887680663262
1684761574551951	9.443210767145501
1684761574554951	9.454195707541658
1684761574558950	9.453872621059418
1684761574561951	9.41865619449527
1684761574565950	9.432871999713825
1684761574568950	9.438041383429663
1684761574571952	9.411871378368232
1684761574574950	9.435456691571744
1684761574577950	9.444503113074461
1684761574581952	9.4464416319679
1684761574585066	9.431256567302626
1684761574587951	9.439656815840863
1684761574591950	9.443533853627741
1684761574594950	9.458718918293016
1684761574598952	9.461949783115415
1684761574601952	9.41962545394199
1684761574605349	9.437718296947423
1684761574607951	9.441918421216542
1684761574611952	9.44579545900342
1684761574614950	9.444180026592221
1684761574617950	9.459688177739736
1684761574621952	9.415102243190631
1684761574624950	9.44838015086134
1684761574627950	9.4496724967903
1684761574630951	9.38860915164696
1684761574634951	9.4480570643791
1684761574637950	9.452580275130458
1684761574640951	9.4496724967903
1684761574644952	9.450964842719259
1684761574647951	9.454518794023897
1684761574650950	9.193464916374069
1684761574654951	9.42059471338871
1684761574657952	9.451287929201499
1684761574660950	9.44870323734358
1684761574663950	9.431256567302626
1684761574667952	9.459365091257496
1684761574670951	9.460011264221976
1684761574673950	9.461303610150935
1684761574676950	9.461303610150935
1684761574680952	9.328191979468102
1684761574683950	9.455811139952857
1684761574686950	9.460011264221976
1684761574690952	9.432225826749345
1684761574693950	9.453872621059418
1684761574697952	9.465826820902294
1684761574700952	9.44579545900342
1684761574704952	9.426087183586787
1684761574707951	9.439333729358623
1684761574710950	9.460334350704215
1684761574714950	9.405732735205675
1684761574717950	9.438364469911903
1684761574721952	9.458395831810776
1684761574724952	9.452257188648218
1684761574727950	9.467119166831253
1684761574732013	9.468088426277973
1684761574735011	9.464534474973334
1684761574737951	9.463242129044374
1684761574740950	9.436749037500704
1684761574745026	9.433841259160545
1684761574747951	9.460657437186455
1684761574752014	9.467442253313493
1684761574754952	9.472934723511571
1684761574757950	9.47390398295829
1684761574761951	9.453226448094938
1684761574764952	9.4480570643791
1684761574767950	9.47648867481621
1684761574771952	9.377624211250804
1684761574774951	9.47810410722741
1684761574777950	9.47648867481621
1684761574781952	9.453226448094938
1684761574785010	9.452580275130458
1684761574787950	9.464534474973334
1684761574790950	9.461303610150935
1684761574794952	9.137894041428808
1684761574797950	9.467442253313493
1684761574801952	9.423179405246628
1684761574804952	9.452257188648218
1684761574809087	9.464857561455574
1684761574811951	9.468411512760213
1684761574814950	9.439979902323103
1684761574818952	9.47842719370965
1684761574821950	9.437072123982944
1684761574824951	9.435779778053984
1684761574828952	9.466149907384533
1684761574831950	9.426087183586787
1684761574834950	9.478750280191889
1684761574838952	9.47422706944053
1684761574841951	9.469380772206932
1684761574844950	9.4480570643791
1684761574848952	9.481658058532048
1684761574851952	9.442241507698782
1684761574856059	9.47713484778069
1684761574859952	9.471965464064851
1684761574862950	9.430610394338146
1684761574865950	9.481011885567568
1684761574869952	9.480688799085328
1684761574873314	9.483919663907727
1684761574876952	9.482950404461008
1684761574879952	9.47455015592277
1684761574882950	9.484242750389967
1684761574885950	9.47648867481621
1684761574890952	9.47778102074517
1684761574894999	9.47616558833397
1684761574898951	9.47422706944053
1684761574904190	9.461949783115415
1684761574907953	9.483596577425487
1684761574913951	9.433195086196065
1684761574916951	9.479073366674129
1684761574920953	9.457749658846296
1684761574925953	9.455488053470617
1684761574928950	9.484565836872207
1684761574931950	9.489735220588045
1684761574934950	9.405086562241195
1684761574938952	9.483919663907727
1684761574941952	9.436425951018464
1684761574944952	9.483596577425487
1684761574947950	9.492319912445964
1684761574951952	9.493289171892684
1684761574954952	9.489089047623565
1684761574957952	9.486504355765646
1684761574960950	9.481981145014288
1684761574964952	9.473257809993811
1684761574967950	9.481334972049808
1684761574971952	9.489412134105805
1684761574974950	9.485535096318927
1684761574977951	9.486827442247886
1684761574980951	9.487796701694606
1684761574984952	9.486504355765646
1684761574987951	9.493612258374924
1684761574990950	9.499427815055242
1684761574994953	9.492642998928204
1684761574999048	9.500397074501961
1684761575003126	9.487150528730126
1684761575006952	9.490704480034765
1684761575010418	9.50265867987764
1684761575013822	9.5023355933954
1684761575017439	9.50459719877108
1684761575020383	9.501689420430921
1684761575024417	9.47778102074517
1684761575026950	9.489089047623565
1684761575031348	9.500073988019722
1684761575034769	9.467765339795733
1684761575038308	9.501366333948681
1684761575042000	9.470996204618132
1684761575045544	9.481011885567568
1684761575049126	9.498781642090762
1684761575052952	9.492966085410444
1684761575055952	9.50298176635988
1684761575061954	9.467765339795733
1684761575065953	9.499427815055242
1684761575069953	9.496196950232843
1684761575073951	9.497489296161802
1684761575078953	9.50685880414676
1684761575082952	9.498458555608522
1684761575086952	9.491673739481485
1684761575091001	9.496520036715083
1684761575093950	9.50524337173556
1684761575097952	9.508151150075719
1684761575100952	9.460011264221976
1684761575103951	9.47487324240501
1684761575107953	9.50330485284212
1684761575110952	9.497166209679563
1684761575113951	9.47810410722741
1684761575117952	9.500073988019722
1684761575120951	9.463888302008854
1684761575124003	9.496520036715083
1684761575127952	9.509766582486918
1684761575130952	9.50298176635988
1684761575133950	9.442887680663262
1684761575136950	9.50588954470004
1684761575139951	9.481658058532048
1684761575143952	9.481011885567568
1684761575146950	9.513643620273797
1684761575149950	9.508474236557959
1684761575153952	9.043552788614761
1684761575156950	9.513643620273797
1684761575159950	9.5039510258066
1684761575164008	9.502012506913161
1684761575166953	9.513643620273797
1684761575169951	9.300406541995471
1684761575173952	9.470026945171412
1684761575176952	9.496843123197323
1684761575179950	9.5055664582178
1684761575182950	9.515259052684996
1684761575187571	9.512351274344837
1684761575190952	9.511705101380358
1684761575193952	9.449995583272539
1684761575196950	9.50621263118228
1684761575200952	9.511382014898118
1684761575203952	9.50621263118228
1684761575206950	9.523659301223233
1684761575209951	9.517843744542915
1684761575213952	9.522690041776514
1684761575216959	9.524305474187713
1684761575219950	9.519136090471875
1684761575223952	9.518166831025155
1684761575226950	9.526567079563392
1684761575229950	9.524951647152193
1684761575232950	9.522690041776514
1684761575236952	9.163740960007999
1684761575239951	9.525274733634433
1684761575242950	9.539167452370748
1684761575246951	9.485535096318927
1684761575249950	9.496196950232843
1684761575253952	9.528828684939072
1684761575256950	9.520751522883074
1684761575259950	9.515259052684996
1684761575263951	9.5023355933954
1684761575266952	9.528828684939072
1684761575269950	9.528505598456832
1684761575273952	8.799622494523646
1684761575276967	9.529151771421311
1684761575279950	9.528182511974592
1684761575282950	9.50427411228884
1684761575286952	9.53205954976147
1684761575289950	9.53367498217267
1684761575292950	9.53270572272595
1684761575295950	9.53173646327923
1684761575299953	9.528505598456832
1684761575302952	9.525274733634433
1684761575305952	9.518489917507395
1684761575308950	9.523982387705473
1684761575312952	9.529151771421311
1684761575315950	9.526890166045632
1684761575319950	9.53270572272595
1684761575322950	9.47745793426293
1684761575328368	9.53367498217267
1684761575331953	9.436102864536224
1684761575334950	9.500397074501961
1684761575337950	9.538198192924028
1684761575341952	9.530121030868031
1684761575344950	9.525920906598913
1684761575347951	9.526890166045632
1684761575351952	9.530444117350271
1684761575354950	9.522366955294274
1684761575357951	9.540459798299707
1684761575360950	9.507181890628999
1684761575364952	9.509766582486918
1684761575367950	9.53464424161939
1684761575370950	9.53076720383251
1684761575374951	9.466472993866773
1684761575377952	9.542398317193147
1684761575380950	9.53076720383251
1684761575384952	9.47810410722741
1684761575387950	9.513320533791557
1684761575391952	9.428348788962467
1684761575394950	9.546275354980025
1684761575397952	9.542075230710907
1684761575401951	9.502012506913161
1684761575404950	9.501043247466441
1684761575407950	9.542398317193147
1684761575410950	9.53302880920819
1684761575414950	9.501043247466441
1684761575417952	9.537552019959548
1684761575420951	9.517843744542915
1684761575424952	9.538521279406268
1684761575427950	9.550475479249144
1684761575431953	9.545306095533306
1684761575434950	9.542398317193147
1684761575437952	9.544336836086586
1684761575440950	9.538198192924028
1684761575444952	9.490058307070285
1684761575447951	9.548860046837945
1684761575450950	9.548536960355705
1684761575454951	9.549829306284664
1684761575457950	9.56081424668082
1684761575460952	9.529474857903551
1684761575463950	9.524951647152193
1684761575467952	9.544659922568826
1684761575470953	9.552413998142583
1684761575474952	9.551444738695864
1684761575477951	9.545629182015546
1684761575480951	9.5055664582178
1684761575484952	9.527859425492352
1684761575487950	9.554998690000502
1684761575490952	9.512997447309317
1684761575494952	9.547567700908985
1684761575497952	9.550475479249144
1684761575500952	9.554352517036023
1684761575505242	9.53496732810163
1684761575507950	9.553383257589303
1684761575511952	9.556937208893942
1684761575515010	9.558552641305141
1684761575517950	9.558552641305141
1684761575520950	9.53529041458387
1684761575524951	9.53335189569043
1684761575527952	9.551767825178104
1684761575530952	9.551121652213624
1684761575533950	9.549183133320184
1684761575537953	9.551767825178104
1684761575540950	9.55952190075186
1684761575543950	9.546921527944505
1684761575546951	9.556614122411702
1684761575550952	9.56404511150322
1684761575553951	9.557260295376182
1684761575556950	9.56275276557426
1684761575560950	9.530444117350271
1684761575563950	9.530121030868031
1684761575566950	9.549829306284664
1684761575570950	9.555644862964982
1684761575573950	9.554352517036023
1684761575576951	9.554029430553783
1684761575580952	9.535936587548349
1684761575583952	9.548860046837945
1684761575586952	9.557260295376182
1684761575589952	9.56178350612754
1684761575593952	9.559198814269621
1684761575596952	9.558875727787381
1684761575600005	9.554998690000502
1684761575603952	9.541105971264187
1684761575607296	9.565660543914419
1684761575609950	9.551444738695864
1684761575612950	9.569537581701297
1684761575616952	9.44870323734358
1684761575619952	9.557906468340661
1684761575622950	9.544013749604346
1684761575626952	9.56016807371634
1684761575629952	9.53141337679699
1684761575632951	9.572122273559216
1684761575635950	9.573737705970416
1684761575639952	9.572445360041456
1684761575642950	9.571153014112497
1684761575645950	9.56436819798546
1684761575649952	9.573737705970416
1684761575652950	9.575676224863855
1684761575655950	9.570506841148017
1684761575658951	9.572445360041456
1684761575663950	9.565660543914419
1684761575666952	9.578260916721774
1684761575669950	9.573414619488176
1684761575673952	9.574706965417136
1684761575676952	9.576968570792815
1684761575679951	9.579230176168494
1684761575682950	9.575030051899375
1684761575686952	9.571476100594737
1684761575689950	9.514935966202756
1684761575692950	9.513320533791557
1684761575696952	9.583430300437612
1684761575699951	9.580522522097453
1684761575703952	9.552090911660343
1684761575706950	9.584722646366572
1684761575709950	9.58892277063569
1684761575713952	9.575030051899375
1684761575716972	9.575353138381615
1684761575719950	9.569860668183537
1684761575722950	9.556614122411702
1684761575726952	9.580522522097453
1684761575729951	9.584722646366572
1684761575733952	9.515582139167236
1684761575736950	9.586661165260011
1684761575741010	9.579230176168494
1684761575743950	9.574060792452656
1684761575746951	9.582137954508653
1684761575750950	9.577291657275055
1684761575753950	9.577291657275055
1684761575758011	9.580522522097453
1684761575761500	9.596353759727208
1684761575763950	9.56339893853874
1684761575767953	9.584722646366572
1684761575770950	9.587307338224491
1684761575773952	9.585045732848812
1684761575776950	9.577937830239534
1684761575780952	9.583107213955373
1684761575783962	9.576968570792815
1684761575786952	9.577937830239534
1684761575789950	9.59053820304689
1684761575793951	9.59183054897585
1684761575796952	9.59118437601137
1684761575799950	9.567922149290098
1684761575803952	9.553383257589303
1684761575806950	9.580522522097453
1684761575809950	9.59247672194033
1684761575813950	9.580845608579693
1684761575816950	9.582461040990893
1684761575821010	9.573091533005936
1684761575823950	9.567599062807858
1684761575826951	9.59247672194033
1684761575830952	9.593769067869289
1684761575833950	9.598938451585127
1684761575837952	9.593769067869289
1684761575840950	9.570183754665777
1684761575843950	9.572768446523696
1684761575847952	9.59118437601137
1684761575850952	9.597323019173928
1684761575854381	9.58956894360017
1684761575857952	9.58892277063569
1684761575860951	9.58827659767121
1684761575863950	9.59021511656465
1684761575866951	9.58989203008241
1684761575871198	9.530121030868031
1684761575873950	9.600553883996326
1684761575877006	9.597646105656167
1684761575880953	9.585368819331052
1684761575883951	9.556614122411702
1684761575886951	9.59215363545809
1684761575889950	9.555644862964982
1684761575893953	9.565014370949939
1684761575896950	9.604754008265445
1684761575899951	9.59053820304689
1684761575903952	9.554998690000502
1684761575906950	9.593122894904809
1684761575909950	9.595384500280488
1684761575912950	9.595384500280488
1684761575916952	9.604754008265445
1684761575919950	9.585045732848812
1684761575923950	9.607661786605604
1684761575926950	9.606369440676644
1684761575929951	9.5598449872341
1684761575933951	9.602815489372006
1684761575936951	9.602492402889766
1684761575940952	9.586338078777771
1684761575943950	9.604754008265445
1684761575946950	9.608307959570084
1684761575950952	9.609923391981283
1684761575953951	9.606369440676644
1684761575957952	9.602815489372006
1684761575960950	9.585691905813292
1684761575963950	9.609600305499043
1684761575967952	9.611538824392483
1684761575970950	9.612508083839202
1684761575973950	9.252589742623968
1684761575977953	9.605077094747685
1684761575980951	9.600876970478566
1684761575983952	9.567275976325618
1684761575986951	9.595707586762728
1684761575990951	9.605077094747685
1684761575993952	9.53109029031475
1684761575996952	9.615092775697121
1684761576000950	9.581168695061933
1684761576003952	9.153725279058563
1684761576006950	9.614446602732642
1684761576010952	9.618969813484
1684761576013951	9.596999932691688
1684761576016950	9.612831170321442
1684761576020952	9.570829927630257
1684761576023952	9.59247672194033
1684761576026950	9.6173543810728
1684761576030952	9.610246478463523
1684761576033950	9.581168695061933
1684761576037952	9.616062035143841
1684761576040952	9.61832364051952
1684761576044006	9.56275276557426
1684761576047952	9.613800429768162
1684761576050951	9.624139197199838
1684761576053951	9.310422222944908
1684761576057957	9.610892651428003
1684761576060950	9.586014992295532
1684761576063950	9.596030673244968
1684761576067952	9.608631046052324
1684761576070951	9.509120409522438
1684761576073950	9.61929289996624
1684761576077004	9.61993907293072
1684761576080952	9.613154256803682
1684761576083952	9.6173543810728
1684761576086950	9.61800055403728
1684761576089951	9.61961598644848
1684761576093952	9.61670820810832
1684761576096950	9.62155450534192
1684761576099950	9.442241507698782
1684761576103950	9.580199435615214
1684761576106951	9.610246478463523
1684761576111548	9.575030051899375
1684761576116416	9.613154256803682
1684761576120952	9.587630424706731
1684761576123950	9.59183054897585
1684761576128951	9.61832364051952
1684761576131951	9.623816110717598
1684761576137540	9.365023838443449
1684761576140953	9.628662407951197
1684761576144950	9.629954753880156
1684761576147951	9.61961598644848
1684761576151952	9.62090833237744
1684761576154958	9.622200678306399
1684761576157950	9.6205852458952
1684761576160950	9.56113733316306
1684761576164952	9.584076473402092
1684761576167952	9.61961598644848
1684761576171952	9.631570186291356
1684761576174950	9.593122894904809
1684761576177950	9.631570186291356
1684761576181953	9.624139197199838
1684761576184952	9.613800429768162
1684761576187950	9.61800055403728
1684761576191952	9.627693148504477
1684761576194950	9.479719539638609
1684761576197950	9.62090833237744
1684761576201950	9.623493024235358
1684761576204950	9.596999932691688
1684761576208952	9.621877591824159
1684761576211952	9.628339321468957
1684761576214950	9.627693148504477
1684761576217951	9.626723889057757
1684761576220950	9.608307959570084
1684761576224951	9.612831170321442
1684761576227950	9.616385121626081
1684761576230951	9.543044490157627
1684761576235327	9.61832364051952
1684761576238952	9.625108456646558
1684761576241950	9.608631046052324
1684761576244950	9.610569564945763
1684761576247950	9.623493024235358
1684761576251952	9.61993907293072
1684761576254950	9.618969813484
1684761576257950	9.626077716093278
1684761576261952	9.62090833237744
1684761576264951	9.612508083839202
1684761576268950	9.625431543128798
1684761576271950	9.627370062022237
1684761576275950	9.625431543128798
1684761576279952	9.625754629611038
1684761576282950	9.56339893853874
1684761576286952	9.624785370164318
1684761576289950	9.6173543810728
1684761576292951	9.616062035143841
1684761576296951	9.61864672700176
1684761576299950	9.624462283682078
1684761576302950	9.593445981387049
1684761576305950	9.623816110717598
1684761576309952	9.616385121626081
1684761576312950	9.623816110717598
1684761576316950	9.616062035143841
1684761576319950	9.615092775697121
1684761576323952	9.61832364051952
1684761576330725	9.625431543128798
1684761576333951	9.627693148504477
1684761576338954	9.633508705184795
1684761576342952	9.61703129459056
1684761576346952	9.627693148504477
1684761576350951	9.631247099809116
1684761576354954	9.607338700123364
1684761576358051	9.625431543128798
1684761576361105	9.606046354194405
1684761576364058	9.579876349132974
1684761576368058	9.61929289996624
1684761576371060	9.631570186291356
1684761576375060	9.629308580915676
1684761576379060	9.632216359255835
1684761576382060	9.608954132534564
1684761576385058	9.598615365102887
1684761576389060	9.622523764788639
1684761576392060	9.56113733316306
1684761576395060	9.628662407951197
1684761576398058	9.578584003204014
1684761576402061	9.608307959570084
1684761576405060	9.611215737910243
1684761576408060	9.61929289996624
1684761576411058	9.6205852458952
1684761576415060	9.6205852458952
1684761576418059	9.627046975539997
1684761576421058	9.624785370164318
1684761576425060	9.600553883996326
1684761576428060	9.623169937753119
1684761576431060	9.615415862179361
1684761576435060	9.61832364051952
1684761576438059	9.6205852458952
1684761576441060	9.61767746755504
1684761576444058	9.53302880920819
1684761576448062	9.625431543128798
1684761576451060	9.626723889057757
1684761576454059	9.622846851270879
1684761576458061	9.6173543810728
1684761576461058	9.62090833237744
1684761576465061	9.583107213955373
1684761576468059	9.613800429768162
1684761576471111	9.61832364051952
1684761576474058	9.579876349132974
1684761576478061	9.628016234986717
1684761576481060	9.603784748818725
1684761576484113	9.615415862179361
1684761576488060	9.613154256803682
1684761576492060	9.61832364051952
1684761576495060	9.61832364051952
1684761576498058	9.61800055403728
1684761576501058	9.614769689214882
1684761576505060	9.605077094747685
1684761576508060	9.62155450534192
1684761576511059	9.623169937753119
1684761576514058	9.622846851270879
1684761576517058	9.624462283682078
1684761576521060	9.611861910874723
1684761576524060	9.593769067869289
1684761576527060	9.613800429768162
1684761576531060	9.616062035143841
1684761576534060	9.627370062022237
1684761576537058	9.626723889057757
1684761576541060	9.604107835300965
1684761576544060	9.611538824392483
1684761576547058	9.612508083839202
1684761576551186	9.632862532220315
1684761576554059	8.99185895145638
1684761576557059	9.627693148504477
1684761576561060	9.594415240833769
1684761576564060	9.594415240833769
1684761576567058	9.62026215941296
1684761576571060	9.56436819798546
1684761576574059	9.631247099809116
1684761576577060	9.631570186291356
1684761576581060	9.603138575854246
1684761576584119	9.586661165260011
1684761576588059	9.628016234986717
1684761576591062	9.621877591824159
1684761576595060	9.576968570792815
1684761576598060	9.613154256803682
1684761576602060	9.630277840362396
1684761576605058	9.610246478463523
1684761576608060	9.625108456646558
1684761576612061	9.61832364051952
1684761576615059	9.622846851270879
1684761576618058	9.623493024235358
1684761576621058	9.596030673244968
1684761576625060	9.608307959570084
1684761576628059	9.629954753880156
1684761576631058	9.548213873873465
1684761576635060	9.62026215941296
1684761576638060	9.628662407951197
1684761576641060	9.621877591824159
1684761576644060	9.601523143443046
1684761576648119	9.626077716093278
1684761576651058	9.631247099809116
1684761576654058	9.585045732848812
1684761576657058	9.632216359255835
1684761576661060	9.612831170321442
1684761576664059	9.593122894904809
1684761576667058	9.621877591824159
1684761576670058	9.578584003204014
1684761576674060	9.623169937753119
1684761576677059	9.607984873087844
1684761576680060	9.610569564945763
1684761576684060	9.637062656489434
1684761576687058	9.623493024235358
1684761576690058	9.606369440676644
1684761576693058	9.623493024235358
1684761576697060	9.623816110717598
1684761576700059	9.622200678306399
1684761576703058	9.584399559884332
1684761576707060	9.61993907293072
1684761576710060	9.628662407951197
1684761576713060	9.350484946742654
1684761576717061	9.6205852458952
1684761576720058	9.622523764788639
1684761576723060	9.595061413798248
1684761576726059	9.608954132534564
1684761576730060	9.626723889057757
1684761576733060	9.6205852458952
1684761576737058	9.632539445738075
1684761576740060	9.625754629611038
1684761576743058	9.628339321468957
1684761576746058	9.628339321468957
1684761576750058	9.62123141885968
1684761576753059	9.613154256803682
1684761576756058	9.623816110717598
1684761576760060	9.62123141885968
1684761576763060	9.585368819331052
1684761576766059	9.610246478463523
1684761576769060	9.62026215941296
1684761576773060	9.543044490157627
1684761576776074	9.621877591824159
1684761576780060	9.6205852458952
1684761576783060	9.586014992295532
1684761576786058	9.624139197199838
1684761576789058	9.629308580915676
1684761576793060	9.629631667397916
1684761576796060	9.6205852458952
1684761576799060	9.61961598644848
1684761576803060	9.587307338224491
1684761576806060	9.631247099809116
1684761576809060	9.624785370164318
1684761576813062	9.556614122411702
1684761576816060	9.632539445738075
1684761576820061	9.634154878149275
1684761576823211	9.614123516250402
1684761576826058	9.62123141885968
1684761576830060	9.636739570007194
1684761576833060	9.632862532220315
1684761576836058	9.635447224078234
1684761576840486	9.633508705184795
1684761576843058	9.634801051113755
1684761576847060	9.632862532220315
1684761576850060	9.633831791667035
1684761576853060	9.629631667397916
1684761576856059	9.628016234986717
1684761576860060	9.624139197199838
1684761576863060	9.607338700123364
1684761576866058	9.629308580915676
1684761576870058	9.574060792452656
1684761576874059	8.93144177927752
1684761576877058	9.622200678306399
1684761576880058	9.598615365102887
1684761576884060	9.609923391981283
1684761576887059	9.623493024235358
1684761576890060	9.625431543128798
1684761576893058	9.622523764788639
1684761576896059	9.623816110717598
1684761576900061	9.628985494433437
1684761576903094	9.627693148504477
1684761576907060	9.355654330458492
1684761576910060	9.62090833237744
1684761576913060	9.621877591824159
1684761576916058	9.632539445738075
1684761576919698	9.630600926844636
1684761576922698	9.628339321468957
1684761576926700	9.62026215941296
1684761576929700	9.626723889057757
1684761576932698	9.624785370164318
1684761576935698	9.628985494433437
1684761576939699	9.629954753880156
1684761576942698	9.601523143443046
1684761576945698	9.625754629611038
1684761576949773	9.621877591824159
1684761576952698	9.632216359255835
1684761576956698	9.633508705184795
1684761576959700	9.622523764788639
1684761576963700	9.628339321468957
1684761576966699	9.628016234986717
1684761576969698	9.626400802575517
1684761576973700	9.614446602732642
1684761576976699	9.628016234986717
1684761576979698	9.628662407951197
1684761576983699	9.604430921783205
1684761576986698	9.627693148504477
1684761576989698	9.628339321468957
1684761576992698	9.629631667397916
1684761576995698	9.62026215941296
1684761576999700	9.597646105656167
1684761577004700	9.609600305499043
1684761577007698	9.625754629611038
1684761577011956	9.576645484310575
1684761577014698	9.631893272773596
1684761577018700	9.631570186291356
1684761577021699	9.603461662336485
1684761577024698	9.630277840362396
1684761577028702	9.627693148504477
1684761577033704	9.567275976325618
1684761577037700	9.62155450534192
1684761577040698	9.593122894904809
1684761577044700	9.609277219016803
1684761577047700	9.623816110717598
1684761577050698	9.631247099809116
1684761577054700	9.628339321468957
1684761577057698	9.636093397042714
1684761577061699	9.618969813484
1684761577064700	9.625754629611038
1684761577067698	9.62155450534192
1684761577071700	9.627370062022237
1684761577074700	9.627693148504477
1684761577077698	9.633185618702555
1684761577080698	9.618969813484
1684761577084700	9.638355002418393
1684761577087700	9.630924013326876
1684761577091569	9.58956894360017
1684761577094700	9.635770310560474
1684761577097698	9.637062656489434
1684761577100698	9.622200678306399
1684761577104700	9.631893272773596
1684761577107699	9.62155450534192
1684761577110698	9.625754629611038
1684761577114700	9.633831791667035
1684761577117700	9.635447224078234
1684761577120698	9.606692527158884
1684761577123698	9.611215737910243
1684761577126698	9.631893272773596
1684761577130700	9.633831791667035
1684761577133698	9.629308580915676
1684761577136698	9.622523764788639
1684761577140699	9.623816110717598
1684761577143698	9.596030673244968
1684761577147700	9.622846851270879
1684761577150700	9.626400802575517
1684761577153700	9.614123516250402
1684761577156698	9.627693148504477
1684761577160699	9.613477343285922
1684761577163698	9.548860046837945
1684761577166698	9.623169937753119
1684761577170698	9.634154878149275
1684761577173698	9.636739570007194
1684761577176699	9.637385742971674
1684761577180700	9.627046975539997
1684761577183698	9.604430921783205
1684761577186698	9.625108456646558
1684761577190699	9.627693148504477
1684761577193698	9.628339321468957
1684761577196698	9.625108456646558
1684761577200698	9.604430921783205
1684761577203698	9.610246478463523
1684761577207700	9.621877591824159
1684761577210698	9.582461040990893
1684761577214700	9.633185618702555
1684761577217698	9.638678088900633
1684761577220698	9.58827659767121
1684761577223699	9.635447224078234
1684761577227700	9.638678088900633
1684761577230699	9.638031915936153
1684761577233759	9.638678088900633
1684761577237700	9.628985494433437
1684761577240699	9.629954753880156
1684761577243698	9.632862532220315
1684761577247698	9.632862532220315
1684761577250698	9.644493645580951
1684761577254700	9.645139818545431
1684761577259701	9.641585867240792
1684761577263700	9.638355002418393
1684761577266698	9.64578599150991
1684761577269698	9.642878213169752
1684761577273698	9.593122894904809
1684761577276698	9.640939694276312
1684761577280700	9.634154878149275
1684761577283698	9.621877591824159
1684761577286699	9.64610907799215
1684761577290700	9.639324261865113
1684761577293699	9.642555126687512
1684761577296700	9.641908953723032
1684761577299698	9.639001175382873
1684761577302699	9.605077094747685
1684761577306700	9.638678088900633
1684761577309698	9.652570807636948
1684761577312698	9.642232040205272
1684761577316699	9.642555126687512
1684761577319698	9.64837068336783
1684761577324698	9.615092775697121
1684761577328878	9.645139818545431
1684761577332771	9.643847472616471
1684761577336700	9.643201299651992
1684761577339699	9.64837068336783
1684761577343700	9.62155450534192
1684761577346698	9.64643216447439
1684761577349698	9.638678088900633
1684761577353699	9.523013128258754
1684761577357300	9.470996204618132
1684761577360700	9.636416483524954
1684761577363699	9.582461040990893
1684761577366698	9.640293521311833
1684761577370700	9.64772451040335
1684761577374165	9.644493645580951
1684761577376698	9.64869376985007
1684761577380699	9.634154878149275
1684761577383698	9.64998611577903
1684761577387700	9.643847472616471
1684761577390700	9.64740142392111
1684761577393698	9.64546290502767
1684761577396698	9.644493645580951
1684761577400698	9.630600926844636
1684761577403698	9.243220234639011
1684761577407700	9.643524386134231
1684761577410698	9.542075230710907
1684761577413698	9.656124758941587
1684761577417698	9.654186240048148
1684761577420700	9.640616607794072
1684761577423699	9.618969813484
1684761577427700	9.652570807636948
1684761577430698	9.657094018388307
1684761577433699	9.656770931906067
1684761577437700	9.64998611577903
1684761577440698	9.639001175382873
1684761577443698	9.631570186291356
1684761577447700	9.654832413012628
1684761577450698	9.651278461707989
1684761577453699	9.64740142392111
1684761577457699	9.653216980601428
1684761577460698	9.635770310560474
1684761577463698	9.660324883210706
1684761577467699	9.660001796728466
1684761577470698	9.64707833743887
1684761577473698	9.651924634672469
1684761577477699	9.657740191352786
1684761577480698	9.64578599150991
1684761577483699	9.604754008265445
1684761577487698	9.660001796728466
1684761577491700	9.535936587548349
1684761577494702	9.655801672459347
1684761577497698	9.652893894119188
1684761577501700	9.641585867240792
1684761577504698	9.656447845423827
1684761577508698	9.655155499494867
1684761577511699	9.628016234986717
1684761577514698	9.595707586762728
1684761577517698	9.664848093962064
1684761577520698	9.631893272773596
1684761577524700	9.628985494433437
1684761577527700	9.660324883210706
1684761577530698	9.667755872302223
1684761577534699	9.660647969692945
1684761577537699	9.657094018388307
1684761577540699	9.607015613641124
1684761577544698	9.64837068336783
1684761577547699	9.668725131748943
1684761577550698	9.672925256018061
1684761577553698	9.36211606010329
1684761577557700	9.662263402104145
1684761577560699	9.64804759688559
1684761577563699	9.64901685633231
1684761577566698	9.671632910089102
1684761577570698	9.670663650642382
1684761577573698	9.665817353408784
1684761577577700	9.660971056175185
1684761577580700	9.630277840362396
1684761577583699	9.295883331244113
1684761577587700	9.670340564160142
1684761577590699	9.605400181229925
1684761577593698	9.664201920997584
1684761577597700	9.662909575068625
1684761577600700	9.655478585977107
1684761577603698	9.659032537281746
1684761577606698	9.667755872302223
1684761577610699	9.595707586762728
1684761577613699	9.669694391195662
1684761577616698	9.604430921783205
1684761577619698	9.663555748033104
1684761577623700	9.61961598644848
1684761577626700	9.670340564160142
1684761577629699	9.671632910089102
1684761577632699	9.552090911660343
1684761577635698	9.233850726654055
1684761577639700	9.67454068842926
1684761577642699	9.658386364317266
1684761577645698	9.672602169535821
1684761577649699	9.67744846676942
1684761577652699	9.67454068842926
1684761577655699	9.670340564160142
1684761577658698	9.670986737124622
1684761577661752	9.662909575068625
1684761577665700	9.660001796728466
1684761577668700	9.671632910089102
1684761577671699	9.67389451546478
1684761577674698	9.671632910089102
1684761577677698	9.671309823606862
1684761577681699	9.658063277835026
1684761577684698	9.668725131748943
1684761577688700	9.67841772621614
1684761577691699	9.544659922568826
1684761577694698	9.579553262650734
1684761577698700	9.67583303435822
1684761577701699	9.642878213169752
1684761577704698	9.670340564160142
1684761577708699	9.673248342500301
1684761577711698	9.67777155325166
1684761577714698	9.683910196414217
1684761577718699	9.682940936967498
1684761577721700	9.637062656489434
1684761577724698	9.67874081269838
1684761577728699	9.685848715307657
1684761577731698	9.683264023449738
1684761577735700	9.652247721154708
1684761577738699	9.681971677520778
1684761577741756	9.669048218231183
1684761577745700	9.666140439891024
1684761577748699	9.689079580130056
1684761577751698	9.686171801789897
1684761577755700	9.602169316407526
1684761577758700	9.679710072145099
1684761577761699	9.64610907799215
1684761577764698	9.6748637749115
1684761577768699	9.681971677520778
1684761577771698	9.610892651428003
1684761577775700	9.685525628825417
1684761577778700	9.686171801789897
1684761577781700	9.640939694276312
1684761577784698	9.67712538028718
1684761577788726	9.688433407165576
1684761577791698	9.688433407165576
1684761577794698	9.67680229380494
1684761577797698	9.691987358470215
1684761577801699	9.680679331591818
1684761577805700	9.70329538534861
1684761577809700	9.684556369378697
1684761577812700	9.687787234201096
1684761577815698	9.659678710246226
1684761577819699	9.692310444952454
1684761577822700	9.688756493647816
1684761577825699	9.67389451546478
1684761577828698	9.680679331591818
1684761577832700	9.570829927630257
1684761577835698	9.682940936967498
1684761577838698	9.693279704399174
1684761577842700	9.64998611577903
1684761577845699	9.683910196414217
1684761577848698	9.679063899180619
1684761577851698	9.685202542343177
1684761577855709	9.694248963845894
1684761577858698	9.685525628825417
1684761577862698	9.656124758941587
1684761577865698	9.673248342500301
1684761577868698	9.693925877363654
1684761577872700	9.696510569221573
1684761577875698	9.67421760194702
1684761577878698	9.694895136810374
1684761577881698	9.662586488586385
1684761577885700	9.686494888272136
1684761577888698	9.691018099023495
1684761577891698	9.690048839576775
1684761577894699	9.67421760194702
1684761577898699	9.6780946397339
1684761577901751	9.666463526373263
1684761577904698	9.673571428982541
1684761577908700	9.688756493647816
1684761577911698	9.643847472616471
1684761577915700	9.697479828668293
1684761577918700	9.700064520526212
1684761577921699	9.683910196414217
1684761577924698	9.682617850485258
1684761577928698	9.698126001632772
1684761577931699	8.992828210903099
1684761577934700	9.695541309774853
1684761577937698	9.698772174597252
1684761577941698	9.688756493647816
1684761577944698	9.64933994281455
1684761577948699	9.694248963845894
1684761577951698	9.695218223292613
1684761577955700	9.644493645580951
1684761577958698	9.691341185505735
1684761577961699	9.710080201475648
1684761577965699	9.687141061236616
1684761577968698	9.698449088115012
1684761577972698	9.696187482739333
1684761577975699	9.698126001632772
1684761577978698	9.70717242313549
1684761577981698	9.685202542343177
1684761577985699	9.688756493647816
1684761577988699	9.70297229886637
1684761577991698	9.707818596099969
1684761577995719	9.698449088115012
1684761577998738	9.70426464479533
1684761578002698	9.70491081775981
1684761578005698	9.698449088115012
1684761578009700	9.720742055389564
1684761578012940	9.70684933665325
1684761578016700	9.712341806851327
1684761578019699	9.70717242313549
1684761578022698	9.669048218231183
1684761578026700	9.698772174597252
1684761578029698	9.707818596099969
1684761578032698	9.710080201475648
1684761578035698	9.70749550961773
1684761578039700	9.711372547404608
1684761578042698	9.679063899180619
1684761578045698	9.70264921238413
1684761578049700	9.700710693490691
1684761578052699	9.70297229886637
1684761578055698	9.700064520526212
1684761578058698	9.708141682582209
1684761578062700	9.687787234201096
1684761578065698	9.698772174597252
1684761578068698	9.708787855546689
1684761578071699	9.711695633886848
1684761578075700	9.316560866107466
1684761578078700	9.693602790881414
1684761578082698	9.660324883210706
1684761578085698	9.685525628825417
1684761578088698	9.709110942028929
1684761578091698	9.576645484310575
1684761578095698	9.70264921238413
1684761578099699	9.701679952937411
1684761578102698	9.685848715307657
1684761578105698	9.70394155831309
1684761578109698	9.70684933665325
1684761578112699	9.70652625017101
1684761578115698	9.670017477677902
1684761578119700	9.710080201475648
1684761578122698	9.687787234201096
1684761578126699	9.70523390424205
1684761578129700	9.70555699072429
1684761578132698	9.717511190567166
1684761578136700	9.717511190567166
1684761578139700	9.715895758155966
1684761578142698	9.682294764003018
1684761578145698	9.698126001632772
1684761578149701	9.712341806851327
1684761578152699	9.714926498709247
1684761578155698	9.712341806851327
1684761578158698	9.70749550961773
1684761578162700	9.683910196414217
1684761578165702	9.694572050328134
1684761578169160	9.715572671673726
1684761578172700	9.709110942028929
1684761578175698	9.717188104084926
1684761578178698	9.716218844638206
1684761578182698	9.689079580130056
1684761578185698	9.70458773127757
1684761578189831	9.726557612069882
1684761578192698	9.728819217445562
1684761578195698	9.710080201475648
1684761578198699	9.727203785034362
1684761578202700	9.707818596099969
1684761578205700	9.73172699578572
1684761578208698	9.724942179658683
1684761578211698	9.600876970478566
1684761578215700	9.721388228354044
1684761578218698	9.726557612069882
1684761578221698	9.708787855546689
1684761578225700	9.715895758155966
1684761578228698	9.719449709460605
1684761578231698	9.722357487800764
1684761578235699	9.721711314836284
1684761578238700	9.720095882425085
1684761578241699	9.693602790881414
1684761578245698	9.701356866455171
1684761578248698	9.717834277049406
1684761578251698	9.730434649856761
1684761578255700	9.685848715307657
1684761578258699	9.726234525587643
1684761578261698	9.70652625017101
1684761578265700	9.690371926059015
1684761578268767	9.718480450013885
1684761578271698	9.721711314836284
1684761578274698	9.698126001632772
1684761578278700	9.73108082282124
1684761578281699	9.691987358470215
1684761578284698	9.728819217445562
1684761578288699	9.725265266140923
1684761578291699	9.641908953723032
1684761578294699	9.721065141871804
1684761578298700	9.73108082282124
1684761578301700	9.696510569221573
1684761578304698	9.699095261079492
1684761578308700	9.723649833729723
1684761578311699	9.745296628039796
1684761578314698	9.73269625523244
1684761578317751	9.73108082282124
1684761578321698	9.713957239262527
1684761578324699	9.718157363531645
1684761578331703	9.73495786060812
1684761578336700	9.727203785034362
1684761578340720	9.708787855546689
1684761578344700	9.70264921238413
1684761578348699	9.729465390410041
1684761578352698	9.739157984877238
1684761578356700	9.73172699578572
1684761578361698	9.428671875444707
1684761578365700	9.70297229886637
1684761578368699	9.727203785034362
1684761578372698	9.67550994787598
1684761578377701	9.728173044481082
1684761578381696	9.722034401318524
1684761578384698	9.686817974754376
1684761578388698	9.73108082282124
1684761578391698	9.740450330806198
1684761578395700	9.739804157841718
1684761578398700	9.739804157841718
1684761578401698	9.711372547404608
1684761578405699	9.722680574283004
1684761578408699	9.736896379501559
1684761578411699	9.73463477412588
1684761578414698	9.737219465983799
1684761578417698	9.736573293019319
1684761578421701	9.715895758155966
1684761578424698	9.715249585191486
1684761578427700	9.7323731687502
1684761578430699	9.739157984877238
1684761578434698	9.749819838791154
1684761578437700	9.748850579344435
1684761578440698	9.740773417288437
1684761578443698	9.70684933665325
1684761578447700	9.740773417288437
1684761578450700	9.743681195628596
1684761578453698	9.741742676735157
1684761578456699	9.745296628039796
1684761578459698	9.740773417288437
1684761578462698	9.730434649856761
1684761578466700	9.748204406379955
1684761578469699	9.752727617131313
1684761578473700	9.749819838791154
1684761578476774	9.743681195628596
1684761578479698	9.724296006694203
1684761578483698	9.723326747247484
1684761578486700	9.750789098237874
1684761578489698	9.752727617131313
1684761578493700	9.745619714522036
1684761578496698	9.742065763217397
1684761578499698	9.742065763217397
1684761578503700	9.73463477412588
1684761578506699	9.743681195628596
1684761578509698	9.752081444166834
1684761578512698	9.747235146933235
1684761578516699	9.747558233415475
1684761578519699	9.744004282110836
1684761578522698	9.716218844638206
1684761578526700	9.722357487800764
1684761578529698	9.747881319897715
1684761578532698	9.748850579344435
1684761578536698	9.739157984877238
1684761578539698	9.752081444166834
1684761578544430	9.752404530649073
1684761578549712	9.755312308989232
1684761578552698	9.752404530649073
1684761578557699	9.754989222506993
1684761578561700	9.723649833729723
1684761578565700	9.751112184720114
1684761578569700	9.755312308989232
1684761578573701	9.754989222506993
1684761578577700	9.751758357684594
1684761578581700	9.713311066298047
1684761578585700	9.737219465983799
1684761578589810	9.753696876578033
1684761578594700	9.76145095215179
1684761578597698	9.76015860622283
1684761578601701	9.746265887486516
1684761578604897	9.748204406379955
1684761578607698	9.749173665826675
1684761578611699	9.752081444166834
1684761578614699	9.755958481953712
1684761578617699	9.755958481953712
1684761578621698	9.652893894119188
1684761578624698	9.740773417288437
1684761578627698	9.76015860622283
1684761578631700	9.76242021159851
1684761578634700	9.668725131748943
1684761578637698	9.76371255752747
1684761578640698	9.741096503770677
1684761578644699	9.73495786060812
1684761578647698	9.756281568435952
1684761578651700	9.765327989938669
1684761578654700	9.765004903456429
1684761578657700	9.759189346776111
1684761578660698	9.746588973968755
1684761578664698	9.736573293019319
1684761578667699	9.757250827882672
1684761578670698	9.765974162903149
1684761578673698	9.76371255752747
1684761578677699	9.76338947104523
1684761578680698	9.765651076420909
1684761578683698	9.771143546618987
1684761578687699	9.758220087329391
1684761578690698	9.736573293019319
1684761578693698	9.714280325744767
1684761578696698	9.769851200690027
1684761578701700	9.738834898394998
1684761578704698	9.715249585191486
1684761578707698	9.76015860622283
1684761578711700	9.766297249385389
1684761578714698	9.76468181697419
1684761578717698	9.76338947104523
1684761578720698	9.756927741400432
1684761578723699	9.737219465983799
1684761578727700	9.76242021159851
1684761578730698	9.70426464479533
1684761578733698	9.680033158627339
1684761578737699	9.765004903456429
1684761578740699	9.751435271202354
1684761578743698	9.76177403863403
1684761578747698	9.76177403863403
1684761578750698	9.766297249385389
1684761578754699	9.766620335867628
1684761578757699	9.765651076420909
1684761578760698	9.775020584405866
1684761578764748	9.743358109146357
1684761578767699	9.767589595314348
1684761578770698	9.770820460136747
1684761578773698	9.730111563374521
1684761578777699	9.770820460136747
1684761578780698	9.755958481953712
1684761578783698	9.746588973968755
1684761578787698	9.76338947104523
1684761578790698	9.777605276263785
1684761578793699	9.779543795157224
1684761578797698	9.775020584405866
1684761578800698	9.769205027725548
1684761578803698	9.73463477412588
1684761578807698	9.769205027725548
1684761578810698	9.771143546618987
1684761578813698	9.776959103299305
1684761578817701	9.773405151994666
1684761578820698	9.752081444166834
1684761578823698	9.76338947104523
1684761578827700	9.769851200690027
1684761578830699	9.781482314050663
1684761578833698	9.781482314050663
1684761578837699	9.781482314050663
1684761578840700	9.780836141086183
1684761578843725	9.757897000847152
1684761578847700	9.775666757370345
1684761578850698	9.155017624987522
1684761578853698	9.769528114207787
1684761578856698	9.784067005908582
1684761578860700	9.759512433258351
1684761578863698	9.758543173811631
1684761578867700	9.785682438319782
1684761578871700	9.788267130177701
1684761578874698	9.788267130177701
1684761578877698	9.784390092390822
1684761578881700	9.558552641305141
1684761578884698	9.741742676735157
1684761578887698	9.783420832944103
1684761578891700	9.788267130177701
1684761578894699	9.786974784248741
1684761578897699	9.787620957213221
1684761578901699	9.773082065512426
1684761578904698	9.736250206537079
1684761578907699	9.787297870730981
1684761578911698	9.794728859822499
1684761578914698	9.765004903456429
1684761578918698	9.785036265355302
1684761578921698	9.770497373654507
1684761578925700	9.781805400532903
1684761578928699	9.787944043695461
1684761578931698	9.739157984877238
1684761578935700	9.782774659979623
1684761578938698	9.785682438319782
1684761578941698	9.769205027725548
1684761578944698	9.776959103299305
1684761578948700	9.793759600375779
1684761578951727	9.796990465198178
1684761578954698	9.79085182203562
1684761578957699	9.78859021665994
1684761578961699	9.769528114207787
1684761578964700	9.781482314050663
1684761578967698	9.7914979950001
1684761578971702	9.730757736339001
1684761578974698	9.793436513893539
1684761578977698	9.79182108148234
1684761578981700	9.771789719583467
1684761578985698	9.772112806065707
1684761578988699	9.784390092390822
1684761578991698	9.785036265355302
1684761578994698	9.785682438319782
1684761578998700	9.79052873555338
1684761579002698	9.76209712511627
1684761579006118	9.294267898832913
1684761579008696	9.78859021665994
1684761579012700	9.788267130177701
1684761579015832	9.756604654918192
1684761579019700	9.797959724644898
1684761579022700	9.775020584405866
1684761579025698	9.779543795157224
1684761579028698	9.78891330314218
1684761579032700	9.79020564907114
1684761579035700	9.79020564907114
1684761579038699	9.79182108148234
1684761579041698	9.749173665826675
1684761579045699	9.758543173811631
1684761579048698	9.79117490851786
1684761579051698	9.79246725444682
1684761579055699	9.7931134274113
1684761579058700	9.798928984091617
1684761579061698	9.783097746461863
1684761579065700	9.799898243538337
1684761579069700	9.787297870730981
1684761579072700	9.796021205751458
1684761579075698	9.794405773340259
1684761579078698	9.793436513893539
1684761579082699	9.769528114207787
1684761579085700	9.78891330314218
1684761579088698	9.798282811127137
1684761579092700	9.802806021878496
1684761579095698	9.793436513893539
1684761579099700	9.796990465198178
1684761579102700	9.766297249385389
1684761579105699	9.517520658060675
1684761579108698	9.801836762431776
1684761579111698	9.803775281325215
1684761579115700	9.795051946304739
1684761579118698	9.794082686858019
1684761579121698	9.793759600375779
1684761579125856	9.79085182203562
1684761579128698	9.809590838005533
1684761579132700	9.7339886011614
1684761579135700	9.772435892547946
1684761579138698	9.798928984091617
1684761579141698	9.784390092390822
1684761579145700	9.777282189781545
1684761579148698	9.806036886700895
1684761579151698	9.806359973183135
1684761579155700	9.806359973183135
1684761579158700	9.798282811127137
1684761579161698	9.768558854761068
1684761579165700	9.7898825625889
1684761579168700	9.804421454289695
1684761579171699	9.805390713736415
1684761579174698	9.806683059665374
1684761579178700	9.807006146147614
1684761579181699	9.770174287172267
1684761579184699	9.759512433258351
1684761579188700	9.808621578558814
1684761579191700	9.804744540771935
1684761579194699	9.804744540771935
1684761579197698	9.808298492076574
1684761579201700	9.81831417302601
1684761579204699	9.769205027725548
1684761579207699	9.797636638162658
1684761579210698	9.723003660765244
1684761579214698	9.807975405594334
1684761579218718	9.796667378715938
1684761579221740	9.775666757370345
1684761579224698	9.776312930334825
1684761579227698	9.800544416502817
1684761579231699	9.76338947104523
1684761579234699	9.738834898394998
1684761579237698	9.801190589467296
1684761579240698	9.794082686858019
1684761579244700	9.773405151994666
1684761579247699	9.785682438319782
1684761579250698	9.797636638162658
1684761579254762	9.800544416502817
1684761579257698	9.801513675949536
1684761579261699	9.79279034092906
1684761579264698	9.766943422349868
1684761579268699	9.79279034092906
1684761579271698	9.787944043695461
1684761579274698	9.807329232629854
1684761579278699	9.806036886700895
1684761579281699	9.787944043695461
1684761579284699	9.79052873555338
1684761579287698	9.798282811127137
1684761579291700	9.797959724644898
1684761579294700	9.798605897609377
1684761579297698	9.799575157056097
1684761579300698	9.776959103299305
1684761579304698	9.76306638456299
1684761579308699	9.799575157056097
1684761579311699	9.804744540771935
1684761579314698	9.799252070573857
1684761579318699	9.799575157056097
1684761579321700	9.7898825625889
1684761579324699	9.7931134274113
1684761579331699	9.806359973183135
1684761579336700	9.805067627254175
1684761579340700	9.786005524802022
1684761579343699	9.787620957213221
1684761579346698	9.800544416502817
1684761579350700	9.801190589467296
1684761579353700	9.803452194842976
1684761579356698	9.808944665041054
1684761579359699	9.775666757370345
1684761579363700	9.310422222944908
1684761579366698	9.797636638162658
1684761579370700	9.73172699578572
1684761579373698	9.803775281325215
1684761579376698	9.802482935396256
1684761579380699	9.787620957213221
1684761579383698	9.79182108148234
1684761579386698	9.805713800218655
1684761579390700	9.807975405594334
1684761579393698	9.810560097452253
1684761579396698	9.805067627254175
1684761579399698	9.767266508832108
1684761579403699	9.793436513893539
1684761579406699	9.798605897609377
1684761579409698	9.801190589467296
1684761579412698	9.803129108360736
1684761579416700	9.811206270416733
1684761579419698	9.803452194842976
1684761579423699	9.768235768278828
1684761579426700	9.79214416796458
1684761579429698	9.801513675949536
1684761579432698	9.806359973183135
1684761579436699	9.796344292233698
1684761579439698	9.802159848914016
1684761579442698	9.767266508832108
1684761579446700	9.799898243538337
1684761579449698	9.804098367807455
1684761579452698	9.809267751523294
1684761579456700	9.800221330020577
1684761579459760	9.797313551680418
1684761579462698	9.76112786566955
1684761579465698	9.794405773340259
1684761579469699	9.79214416796458
1684761579472698	9.796990465198178
1684761579475698	9.803775281325215
1684761579479700	9.800221330020577
1684761579482699	9.7914979950001
1684761579486699	9.801190589467296
1684761579489698	9.796021205751458
1684761579492698	9.797313551680418
1684761579496698	9.794728859822499
1684761579499698	9.802482935396256
1684761579503700	9.756604654918192
1684761579506699	9.798928984091617
1684761579509872	9.793436513893539
1684761579512698	9.799575157056097
1684761579516699	9.798282811127137
1684761579519698	9.802159848914016
1684761579522698	9.765651076420909
1684761579526698	9.793759600375779
1684761579530717	9.806036886700895
1684761579534700	9.801513675949536
1684761579537698	9.795698119269218
1684761579540783	9.79182108148234
1684761579544700	9.770820460136747
1684761579547699	9.794728859822499
1684761579551700	9.067784274782753
1684761579554700	9.797959724644898
1684761579557698	9.805390713736415
1684761579561699	9.802482935396256
1684761579564700	9.802806021878496
1684761579567699	9.800867502985056
1684761579570699	9.800544416502817
1684761579573698	9.753696876578033
1684761579577698	9.799898243538337
1684761579580699	9.755635395471472
1684761579583698	9.785682438319782
1684761579586698	9.801190589467296
1684761579590698	9.801836762431776
1684761579593698	9.800544416502817
1684761579596698	9.803452194842976
1684761579600700	9.799898243538337
1684761579604112	9.778897622192744
1684761579606698	9.724296006694203
1684761579610700	9.805067627254175
1684761579613699	9.746588973968755
1684761579616699	9.797313551680418
1684761579621098	9.794405773340259
1684761579623698	9.794728859822499
1684761579626698	9.804421454289695
1684761579630698	9.804744540771935
1684761579633698	9.803775281325215
1684761579637700	9.805713800218655
1684761579640698	9.79020564907114
1684761579643699	9.783097746461863
1684761579647700	9.802482935396256
1684761579650698	9.797313551680418
1684761579654700	9.795051946304739
1684761579657699	9.799575157056097
1684761579660698	9.780189968121704
1684761579664700	9.776636016817065
1684761579668698	9.795375032786978
1684761579671698	9.796990465198178
1684761579675698	9.799575157056097
1684761579678698	9.806036886700895
1684761579681698	9.796667378715938
1684761579685699	9.781482314050663
1684761579689700	9.800221330020577
1684761579692700	9.799252070573857
1684761579695699	9.796021205751458
1684761579699700	9.804421454289695
1684761579702699	9.772758979030186
1684761579705698	9.78955947610666
1684761579709700	9.795698119269218
1684761579712699	9.798282811127137
1684761579715757	9.803129108360736
1684761579719698	9.804744540771935
1684761579722699	9.794405773340259
1684761579725699	9.797959724644898
1684761579729699	9.800867502985056
1684761579732699	9.806036886700895
1684761579735699	9.805390713736415
1684761579739700	9.799898243538337
1684761579742698	9.796990465198178
1684761579745698	9.79279034092906
1684761579748698	9.805713800218655
1684761579752700	9.804098367807455
1684761579755698	9.785359351837542
1684761579758698	9.799898243538337
1684761579763027	9.7914979950001
1684761579766700	9.795375032786978
1684761579770366	9.806036886700895
1684761579773700	9.795698119269218
1684761579777698	9.805713800218655
1684761579780698	9.79182108148234
1684761579784699	9.775666757370345
1684761579787700	9.801190589467296
1684761579790911	9.801836762431776
1684761579794700	9.799252070573857
1684761579797700	9.805713800218655
1684761579800698	9.802806021878496
1684761579804700	9.780836141086183
1684761579807699	9.811852443381213
1684761579810784	9.802806021878496
1684761579814700	9.799252070573857
1684761579817699	9.799898243538337
1684761579820699	9.737219465983799
1684761579823698	9.776959103299305
1684761579827700	9.807006146147614
1684761579830699	9.809913924487773
1684761579833698	9.804421454289695
1684761579836698	9.804744540771935
1684761579840699	9.798605897609377
1684761579843699	9.769205027725548
1684761579846698	9.806683059665374
1684761579850699	9.801513675949536
1684761579853698	9.809913924487773
1684761579857698	9.808298492076574
1684761579860698	9.795375032786978
1684761579864700	9.798282811127137
1684761579867698	9.7931134274113
1684761579870698	9.809267751523294
1684761579874850	9.804744540771935
1684761579877698	9.806036886700895
1684761579880698	9.781482314050663
1684761579884699	9.753050703613553
1684761579887700	9.800221330020577
1684761579890700	9.754666136024753
1684761579893698	9.756604654918192
1684761579897700	9.807975405594334
1684761579900699	9.765327989938669
1684761579903698	9.778251449228264
1684761579907700	9.79246725444682
1684761579911702	9.794728859822499
1684761579914709	9.804744540771935
1684761579917974	9.796990465198178
1684761579921698	9.775343670888105
1684761579925699	9.785682438319782
1684761579928698	9.804421454289695
1684761579932700	9.804744540771935
1684761579935700	9.758220087329391
1684761579938700	9.805067627254175
1684761579941699	9.782451573497383
1684761579944698	9.786328611284262
1684761579947698	9.800221330020577
1684761579950698	9.76242021159851
1684761579954700	9.806683059665374
1684761579957698	9.805067627254175
1684761579960698	9.727849957998842
1684761579964699	9.767589595314348
1684761579967698	9.79246725444682
1684761579970698	9.804098367807455
1684761579974700	9.803452194842976
1684761579977700	9.581814868026413
1684761579980698	9.773728238476906
1684761579984756	9.76403564400971
1684761579987699	9.79246725444682
1684761579991698	9.805067627254175
1684761579994698	9.805067627254175
1684761579998700	9.805390713736415
1684761580001726	9.79052873555338
1684761580005702	9.784067005908582
1684761580009699	9.802159848914016
1684761580012700	9.804421454289695
1684761580016701	9.803775281325215
1684761580020700	9.7931134274113
1684761580023698	9.76145095215179
1684761580026698	9.79052873555338
1684761580030700	9.808621578558814
1684761580034700	9.798282811127137
1684761580037698	9.804098367807455
1684761580040698	9.76403564400971
1684761580043698	9.79052873555338
1684761580047702	9.795051946304739
1684761580050698	9.807329232629854
1684761580053698	9.657740191352786
1684761580057700	9.800544416502817
1684761580060649	9.777282189781545
1684761580064219	9.813790962274652
1684761580067218	9.800544416502817
1684761580070218	9.800867502985056
1684761580073217	9.468734599242453
1684761580077218	9.804098367807455
1684761580080217	9.778897622192744
1684761580084219	9.780189968121704
1684761580087220	9.800867502985056
1684761580090218	9.808621578558814
1684761580093217	9.810237010970013
1684761580097219	9.806683059665374
1684761580100218	9.802159848914016
1684761580104219	9.770820460136747
1684761580107217	9.804421454289695
1684761580110217	9.801513675949536
1684761580113217	9.508151150075719
1684761580117218	9.800867502985056
1684761580120217	9.796667378715938
1684761580123217	9.76145095215179
1684761580127220	9.804744540771935
1684761580130218	9.804744540771935
1684761580133217	9.804421454289695
1684761580137219	9.798282811127137
1684761580140218	9.802159848914016
1684761580143217	9.746588973968755
1684761580147219	9.79182108148234
1684761580150217	9.739481071359478
1684761580154219	9.806036886700895
1684761580157218	9.806683059665374
1684761580160274	9.798928984091617
1684761580163217	9.787620957213221
1684761580167218	9.796667378715938
1684761580170219	9.799252070573857
1684761580173217	9.800544416502817
1684761580177220	9.808298492076574
1684761580180217	9.750466011755634
1684761580183217	9.783743919426342
1684761580187218	9.805713800218655
1684761580190217	9.808944665041054
1684761580194278	9.798605897609377
1684761580197237	9.808621578558814
1684761580201220	9.797959724644898
1684761580204218	9.801513675949536
1684761580207218	9.808298492076574
1684761580210217	9.806683059665374
1684761580214220	9.807006146147614
1684761580217217	9.805067627254175
1684761580221219	9.784390092390822
1684761580224586	9.785682438319782
1684761580228218	9.809267751523294
1684761580231218	9.812175529863453
1684761580234219	9.811529356898973
1684761580237218	9.804744540771935
1684761580241219	9.773082065512426
1684761580244217	9.775343670888105
1684761580247217	9.806359973183135
1684761580251220	9.807652319112094
1684761580254218	9.805713800218655
1684761580257217	9.802159848914016
1684761580261219	9.802159848914016
1684761580264218	9.783743919426342
1684761580267217	9.808621578558814
1684761580271218	9.813790962274652
1684761580274219	9.808298492076574
1684761580277217	9.815406394685851
1684761580281217	9.794082686858019
1684761580284217	9.765327989938669
1684761580287217	9.803129108360736
1684761580291219	9.67777155325166
1684761580294218	9.810237010970013
1684761580298219	9.808944665041054
1684761580301218	9.550475479249144
1684761580304218	9.808621578558814
1684761580308219	9.81799108654377
1684761580311218	9.81960651895497
1684761580314218	9.810560097452253
1684761580318219	9.82025269191945
1684761580321217	9.810237010970013
1684761580325512	9.808621578558814
1684761580330677	9.730111563374521
1684761580334220	9.816052567650331
1684761580337219	9.812498616345692
1684761580340218	9.786005524802022
1684761580343218	9.33433062263066
1684761580346217	9.804744540771935
1684761580350219	9.806683059665374
1684761580353707	9.81734491357929
1684761580357220	9.815406394685851
1684761580360219	9.809913924487773
1684761580363217	9.784390092390822
1684761580366217	9.81896034599049
1684761580370219	9.814114048756892
1684761580373218	9.815406394685851
1684761580377219	9.815729481168091
1684761580380218	9.810883183934493
1684761580383219	9.772758979030186
1684761580386300	9.806683059665374
1684761580389217	9.809267751523294
1684761580393219	9.811529356898973
1684761580396219	9.812821702827932
1684761580399217	9.816698740614811
1684761580403242	9.769528114207787
1684761580406219	9.809913924487773
1684761580410219	9.81992960543721
1684761580413219	9.822514297295129
1684761580416478	9.82154503784841
1684761580420219	9.81799108654377
1684761580423217	9.794082686858019
1684761580426218	9.797313551680418
1684761580429217	9.826391335082008
1684761580433218	9.812175529863453
1684761580436217	9.812821702827932
1684761580440219	9.81766800006153
1684761580443218	9.782451573497383
1684761580446218	9.81831417302601
1684761580449217	9.82057577840169
1684761580452217	9.795051946304739
1684761580456219	9.824129729706328
1684761580459217	9.815406394685851
1684761580462217	9.800867502985056
1684761580466218	9.815083308203612
1684761580469218	9.82089886488393
1684761580473219	9.814437135239132
1684761580476217	9.813790962274652
1684761580479217	9.816375654132571
1684761580483219	9.767912681796588
1684761580486219	9.822191210812889
1684761580489218	9.825098989153048
1684761580492218	9.828006767493207
1684761580496220	9.82186812433065
1684761580499218	9.822514297295129
1684761580502218	9.78891330314218
1684761580505217	9.809913924487773
1684761580509219	9.798605897609377
1684761580513219	9.822191210812889
1684761580516219	9.824775902670808
1684761580519217	9.822191210812889
1684761580523218	9.803129108360736
1684761580526220	9.804744540771935
1684761580530220	9.803775281325215
1684761580533217	9.81960651895497
1684761580536217	9.81960651895497
1684761580540219	9.82057577840169
1684761580543731	9.795051946304739
1684761580546217	9.826714421564247
1684761580550219	9.82025269191945
1684761580553217	9.670986737124622
1684761580556218	9.823806643224088
1684761580560316	9.82186812433065
1684761580563316	9.812175529863453
1684761580566314	9.81992960543721
1684761580570316	9.822191210812889
1684761580573315	9.822837383777369
1684761580576314	9.828652940457687
1684761580580316	9.827360594528727
1684761580583316	9.802806021878496
1684761580587316	9.713634152780287
1684761580590316	9.830914545833366
1684761580593316	9.830914545833366
1684761580596314	9.831883805280086
1684761580600316	9.827037508046487
1684761580603316	9.828652940457687
1684761580606316	9.81734491357929
1684761580609314	9.825098989153048
1684761580613317	9.822514297295129
1684761580616316	9.82057577840169
1684761580619314	9.82186812433065
1684761580622314	9.806036886700895
1684761580627315	9.828976026939927
1684761580631317	9.830268372868886
1684761580635368	9.833176151209045
1684761580639718	9.828652940457687
1684761580643664	9.796344292233698
1684761580647317	9.82057577840169
1684761580650956	9.823806643224088
1684761580655153	9.834468497138005
1684761580659709	9.826714421564247
1684761580663744	9.804098367807455
1684761580667778	9.829299113422167
1684761580672314	9.827037508046487
1684761580676314	9.833176151209045
1684761580680020	9.833176151209045
1684761580683708	9.797959724644898
1684761580687317	9.82154503784841
1684761580690317	9.686494888272136
1684761580694317	9.827683681010967
1684761580697315	9.826391335082008
1684761580700314	9.801190589467296
1684761580704316	9.79279034092906
1684761580707314	9.823806643224088
1684761580711316	9.835114670102485
1684761580714316	9.837053188995924
1684761580717473	9.828652940457687
1684761580721316	9.815729481168091
1684761580724315	9.827360594528727
1684761580727314	9.836407016031444
1684761580731317	9.834468497138005
1684761580734315	9.836730102513684
1684761580737314	9.830914545833366
1684761580741317	9.822191210812889
1684761580744316	9.827360594528727
1684761580747314	9.835760843066964
1684761580750314	9.837376275478164
1684761580754316	9.836730102513684
1684761580757314	9.831883805280086
1684761580761317	9.812498616345692
1684761580764316	9.81960651895497
1684761580767314	9.838345534924883
1684761580771316	9.832529978244565
1684761580774316	9.833499237691285
1684761580777314	9.841253313265042
1684761580781316	9.785359351837542
1684761580784314	9.832206891762326
1684761580788316	9.835437756584724
1684761580791315	9.842868745676242
1684761580794314	9.73205008226796
1684761580797314	9.843191832158482
1684761580801317	9.830591459351126
1684761580804316	9.802806021878496
1684761580807315	9.838991707889363
1684761580810314	9.835760843066964
1684761580814317	9.831560718797846
1684761580817316	9.835114670102485
1684761580820314	9.79182108148234
1684761580824315	9.810560097452253
1684761580827376	9.827683681010967
1684761580830314	9.841899486229522
1684761580834316	9.841576399747282
1684761580837314	9.836407016031444
1684761580841316	9.81896034599049
1684761580844315	9.802806021878496
1684761580847314	9.840284053818323
1684761580851317	9.838345534924883
1684761580854315	9.840930226782802
1684761580857410	9.836083929549204
1684761580861316	9.772758979030186
1684761580864316	9.81960651895497
1684761580867316	9.832529978244565
1684761580870314	9.836083929549204
1684761580874315	9.660647969692945
1684761580877314	9.845130351051921
1684761580881314	9.802482935396256
1684761580884314	9.813144789310172
1684761580887314	9.786328611284262
1684761580891316	9.838345534924883
1684761580894316	9.836407016031444
1684761580897316	9.837699361960404
1684761580900314	9.828976026939927
1684761580904315	9.824452816188568
1684761580907316	9.842868745676242
1684761580910314	9.84609961049864
1684761580914316	9.766943422349868
1684761580917314	9.84803812939208
1684761580921316	9.830268372868886
1684761580924314	9.816698740614811
1684761580928316	9.843838005122961
1684761580931316	9.84674578346312
1684761580934314	9.84706886994536
1684761580938316	9.839314794371603
1684761580941316	9.826714421564247
1684761580944314	9.826391335082008
1684761580948315	9.838345534924883
1684761580951368	9.842868745676242
1684761580955316	9.851268994214479
1684761580958316	9.850945907732239
1684761580961314	9.807652319112094
1684761580965317	9.833822324173525
1684761580968317	9.839960967336083
1684761580971315	9.842222572711762
1684761580974314	9.64610907799215
1684761580978316	9.850945907732239
1684761580981316	9.850945907732239
1684761580984314	9.807652319112094
1684761580988394	9.84997664828552
1684761580992315	9.853207513107918
1684761580995316	9.837699361960404
1684761580999316	9.831883805280086
1684761581002812	9.84868430235656
1684761581005314	9.850622821249999
1684761581009316	9.852238253661199
1684761581012316	9.855792204965837
1684761581015314	9.8490073888388
1684761581019316	9.84868430235656
1684761581022315	9.851915167178959
1684761581025314	9.841576399747282
1684761581028314	9.852238253661199
1684761581032316	9.850945907732239
1684761581035314	9.84836121587432
1684761581039316	9.84771504290984
1684761581042317	9.836730102513684
1684761581045314	9.837053188995924
1684761581049316	9.843191832158482
1684761581052314	9.323345682234503
1684761581056316	9.845130351051921
1684761581059315	9.843191832158482
1684761581063316	9.812821702827932
1684761581066315	9.84868430235656
1684761581069314	9.842868745676242
1684761581073316	9.556291035929462
1684761581076316	9.822514297295129
1684761581079314	9.853207513107918
1684761581083316	9.796021205751458
1684761581086315	9.841253313265042
1684761581089314	9.844484178087441
1684761581093316	9.84965356180328
1684761581096316	9.853207513107918
1684761581099314	9.855146032001358
1684761581102314	9.796021205751458
1684761581106316	9.84803812939208
1684761581109316	9.851915167178959
1684761581112314	9.10429304727586
1684761581116314	9.853207513107918
1684761581119314	9.84868430235656
1684761581123317	9.808298492076574
1684761581126316	9.837376275478164
1684761581129317	9.8490073888388
1684761581132314	9.852884426625678
1684761581136316	9.586014992295532
1684761581139469	9.855469118483597
1684761581142314	9.828329853975447
1684761581146317	9.843838005122961
1684761581149314	9.853853686072398
1684761581152314	8.96213499509031
1684761581156316	9.857730723859277
1684761581159316	9.857407637377037
1684761581162314	9.809267751523294
1684761581166317	9.8473919564276
1684761581169315	9.850622821249999
1684761581172314	9.861284675163915
1684761581176317	9.859992329234956
1684761581179319	9.84933047532104
1684761581182314	9.842222572711762
1684761581186316	9.854176772554638
1684761581189315	9.865807885915274
1684761581192314	9.857407637377037
1684761581196316	9.863546280539595
1684761581200317	9.850945907732239
1684761581203314	9.828976026939927
1684761581206314	9.853530599590158
1684761581209314	9.858699983305996
1684761581213316	9.693279704399174
1684761581216316	9.867423318326473
1684761581219315	9.856438377930317
1684761581222314	9.834791583620245
1684761581226316	9.842222572711762
1684761581229316	9.866777145361993
1684761581232315	9.867100231844233
1684761581235314	9.868715664255433
1684761581239316	9.866130972397514
1684761581242372	9.841253313265042
1684761581245314	9.855146032001358
1684761581249378	9.870008010184392
1684761581252316	9.862900107575115
1684761581256316	9.859992329234956
1684761581259316	9.862253934610635
1684761581262314	9.842222572711762
1684761581265314	9.84997664828552
1684761581268314	9.857730723859277
1684761581272316	9.867423318326473
1684761581275316	9.867100231844233
1684761581278316	9.866777145361993
1684761581281314	9.825422075635288
1684761581284314	9.858699983305996
1684761581288316	9.867100231844233
1684761581291316	9.654509326530388
1684761581294314	9.870654183148872
1684761581297314	9.868069491290953
1684761581301316	9.836730102513684
1684761581304316	9.860638502199436
1684761581307316	9.861930848128395
1684761581311317	9.866130972397514
1684761581314315	9.868392577773193
1684761581317314	9.868392577773193
1684761581320314	9.857407637377037
1684761581324316	9.839960967336083
1684761581331315	9.863223194057355
1684761581335316	9.868715664255433
1684761581340317	9.844161091605201
1684761581345316	9.855792204965837
1684761581349316	9.868715664255433
1684761581352316	9.863546280539595
1684761581356317	9.871623442595592
1684761581360317	9.838991707889363
1684761581364316	9.841253313265042
1684761581368317	9.865484799433034
1684761581371314	9.866777145361993
1684761581375316	9.865484799433034
1684761581378316	9.866130972397514
1684761581381314	9.745296628039796
1684761581385316	9.863546280539595
1684761581389316	9.872269615560072
1684761581392375	9.87614665334695
1684761581395316	9.852884426625678
1684761581398314	9.865161712950794
1684761581402316	9.845130351051921
1684761581405316	9.822837383777369
1684761581408316	9.867100231844233
1684761581411314	9.870331096666632
1684761581415507	9.87776208575815
1684761581418314	9.870008010184392
1684761581422316	9.852238253661199
1684761581425316	9.842222572711762
1684761581428315	9.872592702042311
1684761581432376	9.869038750737673
1684761581435314	9.869361837219913
1684761581438314	9.869038750737673
1684761581442316	9.851592080696719
1684761581445316	9.84836121587432
1684761581448314	9.879700604651589
1684761581451314	9.879700604651589
1684761581455316	9.880669864098309
1684761581458316	9.881962210027268
1684761581461316	9.860961588681675
1684761581464566	9.85029973476776
1684761581467314	9.87743899927591
1684761581471316	9.87679282631143
1684761581474314	9.87550048038247
1684761581477314	9.872269615560072
1684761581481316	9.836083929549204
1684761581484316	9.858376896823756
1684761581487314	9.87550048038247
1684761581491315	9.873238875006791
1684761581494316	9.871946529077832
1684761581497314	9.87679282631143
1684761581500314	9.872269615560072
1684761581504316	9.869038750737673
1684761581507314	9.87582356686471
1684761581510316	9.880346777616069
1684761581514316	9.87646973982919
1684761581517316	9.87711591279367
1684761581520316	9.87808517224039
1684761581523314	9.854176772554638
1684761581527316	9.87840825872263
1684761581530314	9.753050703613553
1684761581534316	9.884869988367427
1684761581537314	9.87840825872263
1684761581541316	9.84706886994536
1684761581544314	9.838668621407123
1684761581548316	9.87646973982919
1684761581551314	9.87743899927591
1684761581554314	9.87711591279367
1684761581557314	9.883577642438468
1684761581561239	9.855469118483597
1684761581565239	9.872592702042311
1684761581568237	9.87420813445351
1684761581571237	9.87776208575815
1684761581575238	9.882608382991748
1684761581578239	9.87776208575815
1684761581581237	9.480042626120849
1684761581585238	9.861607761646155
1684761581588237	9.883577642438468
1684761581592238	9.87550048038247
1684761581595238	9.883577642438468
1684761581598237	9.887131593743106
1684761581602238	9.870977269631112
1684761581605241	9.840607140300563
1684761581609239	9.890685545047745
1684761581612238	9.886162334296387
1684761581615237	9.885839247814147
1684761581619238	9.884223815402947
1684761581622236	9.852238253661199
1684761581626239	9.873561961489031
1684761581629238	9.87776208575815
1684761581632237	9.886485420778627
1684761581636300	9.840930226782802
1684761581639238	9.87905443168711
1684761581643239	9.855792204965837
1684761581646239	9.884223815402947
1684761581650237	9.883577642438468
1684761581653298	9.887131593743106
1684761581656237	9.891977890976705
1684761581660238	9.879377518169349
1684761581663237	9.840284053818323
1684761581666237	9.87905443168711
1684761581670297	9.885839247814147
1684761581673237	9.885193074849667
1684761581676239	9.885839247814147
1684761581679237	9.890039372083265
1684761581683239	9.870654183148872
1684761581686237	9.879700604651589
1684761581690238	9.891977890976705
1684761581693237	9.897147274692543
1684761581696239	9.892300977458945
1684761581699236	9.894562582834624
1684761581703238	9.853207513107918
1684761581706239	9.87840825872263
1684761581709238	9.890362458565505
1684761581712236	9.893270236905664
1684761581716240	9.884869988367427
1684761581720238	9.890685545047745
1684761581723237	9.868069491290953
1684761581727238	9.881639123545028
1684761581730239	9.889716285601025
1684761581733237	9.894885669316864
1684761581737239	9.567922149290098
1684761581740238	9.892947150423424
1684761581743238	9.870008010184392
1684761581747237	9.879700604651589
1684761581750237	9.893270236905664
1684761581753237	9.890039372083265
1684761581756237	9.895208755799104
1684761581760239	9.892624063941184
1684761581763240	9.882285296509508
1684761581766236	9.883254555956228
1684761581770238	9.888747026154306
1684761581773237	9.889393199118786
1684761581776237	9.895208755799104
1684761581780237	9.884546901885187
1684761581783237	9.879700604651589
1684761581786237	9.880992950580548
1684761581790239	9.890685545047745
1684761581793238	9.889070112636546
1684761581796257	9.897793447657023
1684761581799237	9.896501101728063
1684761581803239	9.87614665334695
1684761581806238	9.882285296509508
1684761581809237	9.892300977458945
1684761581813238	9.897470361174783
1684761581816237	9.920732587896055
1684761581819236	9.894562582834624
1684761581823238	9.862577021092875
1684761581827320	9.895854928763583
1684761581830639	9.890039372083265
1684761581833237	9.199603559536627
1684761581837238	9.889393199118786
1684761581840239	9.888747026154306
1684761581843545	9.883577642438468
1684761581846237	9.896501101728063
1684761581850238	9.894885669316864
1684761581853237	9.87582356686471
1684761581856236	9.887777766707586
1684761581860073	9.889716285601025
1684761581863072	9.872915788524551
1684761581867074	9.896501101728063
1684761581870074	9.898116534139263
1684761581873094	9.892300977458945
1684761581876072	9.900055053032702
1684761581880072	9.901670485443901
1684761581883074	9.888747026154306
1684761581886072	9.896824188210303
1684761581890155	9.902316658408381
1684761581893072	9.895531842281343
1684761581896074	9.899085793585982
1684761581899072	9.897793447657023
1684761581903074	9.863546280539595
1684761581906074	9.897147274692543
1684761581910074	9.900378139514942
1684761581913130	9.898116534139263
1684761581916074	9.897147274692543
1684761581919072	9.895531842281343
1684761581923074	9.872592702042311
1684761581926072	9.898439620621502
1684761581929072	9.900378139514942
1684761581933075	9.901993571926141
1684761581936072	9.90619369619526
1684761581939072	9.891331718012225
1684761581943072	9.87582356686471
1684761581946074	9.886808507260866
1684761581949072	9.899085793585982
1684761581953074	9.90619369619526
1684761581956074	9.908455301570939
1684761581959072	9.90748604212422
1684761581963074	9.895208755799104
1684761581966074	9.894885669316864
1684761581969074	9.902639744890621
1684761581972072	9.899731966550462
1684761581976072	9.918794069002615
1684761581979131	9.90619369619526
1684761581982072	9.870654183148872
1684761581986074	9.887131593743106
1684761581989072	9.90296283137286
1684761581992074	9.901993571926141
1684761581995072	9.901993571926141
1684761581999158	9.898116534139263
1684761582002790	9.895854928763583
1684761582006074	9.892300977458945
1684761582009288	9.896824188210303
1684761582012072	9.898439620621502
1684761582015072	9.899085793585982
1684761582019074	9.90683986915974
1684761582022074	9.916532463626936
1684761582026074	9.885193074849667
1684761582029072	9.899408880068222
1684761582032073	9.90393209081958
1684761582035072	9.81831417302601
1684761582039072	9.90748604212422
1684761582042074	9.882285296509508
1684761582046089	9.880346777616069
1684761582049074	9.90619369619526
1684761582052072	9.90587060971302
1684761582055072	9.911363079911098
1684761582060077	9.900701225997182
1684761582065073	9.87453122093575
1684761582068074	9.900055053032702
1684761582072075	9.901993571926141
1684761582077075	9.901024312479421
1684761582081075	9.87840825872263
1684761582085074	9.891654804494465
1684761582088074	9.908455301570939
1684761582093074	9.90457826378406
1684761582096074	9.909424561017659
1684761582099074	9.910716906946618
1684761582102072	9.889716285601025
1684761582106075	9.901024312479421
1684761582109073	9.909101474535419
1684761582112074	9.910070733982138
1684761582115072	9.912332339357818
1684761582119074	9.90425517730182
1684761582122073	9.857730723859277
1684761582125072	9.886808507260866
1684761582128072	9.908778388053179
1684761582132074	9.918794069002615
1684761582135074	9.781482314050663
1684761582138072	9.914270858251257
1684761582142075	9.880992950580548
1684761582145072	9.899085793585982
1684761582149074	9.913947771769017
1684761582152074	9.912655425840057
1684761582155074	9.913947771769017
1684761582158072	9.915563204180216
1684761582162074	9.885839247814147
1684761582165074	9.879377518169349
1684761582168074	9.913301598804537
1684761582172074	9.918147896038136
1684761582175075	9.917178636591416
1684761582178072	9.911039993428858
1684761582181072	9.893916409870144
1684761582185074	9.897147274692543
1684761582188072	9.915886290662456
1684761582192074	9.81992960543721
1684761582195074	9.9032859178551
1684761582198131	9.919440241967095
1684761582202578	9.860961588681675
1684761582206216	9.898116534139263
1684761582210078	9.90425517730182
1684761582214076	9.9049013502663
1684761582218075	9.908778388053179
1684761582223074	9.865807885915274
1684761582226074	9.895208755799104
1684761582229074	9.90457826378406
1684761582232072	9.90360900433734
1684761582236074	9.90360900433734
1684761582239074	9.913624685286777
1684761582242074	9.885193074849667
1684761582245073	9.859346156270476
1684761582248072	9.909747647499898
1684761582252074	9.913301598804537
1684761582255073	9.908455301570939
1684761582258072	9.90522443674854
1684761582262074	9.871623442595592
1684761582265276	9.894885669316864
1684761582269075	9.911363079911098
1684761582272072	9.902316658408381
1684761582275074	9.90587060971302
1684761582279074	9.928486663469812
1684761582282072	9.895531842281343
1684761582286133	9.84674578346312
1684761582289074	9.90296283137286
1684761582292073	9.911363079911098
1684761582296074	9.914917031215737
1684761582299072	9.90587060971302
1684761582302074	9.891977890976705
1684761582305072	9.893916409870144
1684761582309074	9.908132215088699
1684761582312074	9.913947771769017
1684761582315072	9.914917031215737
1684761582319075	9.912655425840057
1684761582322074	9.90619369619526
1684761582325073	9.90393209081958
1684761582332075	9.915240117697977
1684761582337075	9.911039993428858
1684761582340073	9.893270236905664
1684761582345074	9.910716906946618
1684761582348074	9.909424561017659
1684761582352074	9.9065167826775
1684761582355074	9.90716295564198
1684761582358074	9.90780912860646
1684761582361074	9.93204061477445
1684761582365072	9.908132215088699
1684761582368073	9.90360900433734
1684761582372074	9.916532463626936
1684761582375072	9.915886290662456
1684761582378072	9.910716906946618
1684761582382075	9.870008010184392
1684761582385074	9.884546901885187
1684761582388075	9.90780912860646
1684761582391074	9.595384500280488
1684761582395074	9.916209377144696
1684761582398073	9.912332339357818
1684761582401072	9.908778388053179
1684761582405074	9.889070112636546
1684761582408074	9.900378139514942
1684761582411074	9.90457826378406
1684761582414072	9.9049013502663
1684761582418074	9.912332339357818
1684761582421074	9.884546901885187
1684761582424721	9.890685545047745
1684761582428072	9.9065167826775
1684761582431074	9.911039993428858
1684761582435074	9.912332339357818
1684761582438074	9.90360900433734
1684761582441126	9.855469118483597
1684761582445074	9.896501101728063
1684761582448287	9.910716906946618
1684761582451072	9.911363079911098
1684761582454072	9.910070733982138
1684761582458074	9.914593944733497
1684761582461074	9.911039993428858
1684761582464074	9.893916409870144
1684761582467072	9.899085793585982
1684761582471074	9.9049013502663
1684761582474073	9.910716906946618
1684761582477072	9.90619369619526
1684761582481074	9.687464147718856
1684761582484074	9.889393199118786
1684761582487072	9.90393209081958
1684761582491074	9.909747647499898
1684761582494072	9.910393820464378
1684761582497072	9.90587060971302
1684761582501074	9.869038750737673
1684761582504072	9.888747026154306
1684761582507072	9.900378139514942
1684761582511072	9.911363079911098
1684761582514073	9.909424561017659
1684761582517072	9.909101474535419
1684761582521074	9.87840825872263
1684761582524072	9.886808507260866
1684761582527074	9.899085793585982
1684761582531074	9.9032859178551
1684761582534072	9.90457826378406
1684761582538074	9.912332339357818
1684761582541072	9.894885669316864
1684761582544074	9.889393199118786
1684761582547072	9.908778388053179
1684761582551073	9.912978512322297
1684761582554072	9.90457826378406
1684761582557072	9.901993571926141
1684761582561074	9.887777766707586
1684761582564074	9.87517739390023
1684761582567074	9.914270858251257
1684761582570072	9.910070733982138
1684761582574073	9.912332339357818
1684761582577073	9.881962210027268
1684761582580072	9.90296283137286
1684761582584439	9.880669864098309
1684761582587073	9.909424561017659
1684761582590072	9.911039993428858
1684761582594074	9.909424561017659
1684761582597074	9.908778388053179
1684761582600130	9.885516161331907
1684761582603072	9.880669864098309
1684761582607074	9.899408880068222
1684761582610074	9.920086414931575
1684761582613074	9.911686166393338
1684761582617074	9.909101474535419
1684761582620085	9.9049013502663
1684761582623073	9.87517739390023
1684761582626072	9.898116534139263
1684761582630074	9.90619369619526
1684761582633074	9.913947771769017
1684761582636073	9.909747647499898
1684761582640074	9.90683986915974
1684761582643072	9.891654804494465
1684761582646072	9.909747647499898
1684761582650072	9.90393209081958
1684761582654074	9.802806021878496
1684761582657072	9.912009252875578
1684761582660074	9.909747647499898
1684761582664075	9.871946529077832
1684761582667074	9.90425517730182
1684761582670074	9.90457826378406
1684761582673072	9.9065167826775
1684761582676073	9.9032859178551
1684761582680074	9.90619369619526
1684761582683074	9.883254555956228
1684761582686072	9.9049013502663
1684761582690074	9.909101474535419
1684761582693072	9.912978512322297
1684761582697072	9.909424561017659
1684761582700074	9.901993571926141
1684761582704074	9.884869988367427
1684761582707132	9.896178015245823
1684761582710072	9.910070733982138
1684761582713072	9.913301598804537
1684761582717072	9.908778388053179
1684761582720073	9.899085793585982
1684761582724074	9.894562582834624
1684761582727072	9.90780912860646
1684761582730073	9.909101474535419
1684761582734133	9.9049013502663
1684761582737072	9.900055053032702
1684761582740072	9.893916409870144
1684761582743072	9.895854928763583
1684761582747074	9.908455301570939
1684761582750075	9.911363079911098
1684761582753072	9.911686166393338
1684761582757074	9.908132215088699
1684761582760073	9.902639744890621
1684761582763074	9.852884426625678
1684761582766072	9.892300977458945
1684761582770074	9.909747647499898
1684761582773072	9.911363079911098
1684761582776074	9.912655425840057
1684761582780074	9.910393820464378
1684761582783074	9.891977890976705
1684761582786074	9.900701225997182
1684761582789074	9.9032859178551
1684761582792072	9.9049013502663
1684761582796074	9.90587060971302
1684761582799074	9.90457826378406
1684761582802073	9.868715664255433
1684761582805072	9.888747026154306
1684761582809074	9.910070733982138
1684761582812072	9.908455301570939
1684761582815072	9.909747647499898
1684761582819074	9.909424561017659
1684761582822073	9.885839247814147
1684761582825074	9.885193074849667
1684761582828072	9.90683986915974
1684761582832074	9.910393820464378
1684761582835074	9.914270858251257
1684761582838075	9.915240117697977
1684761582841072	9.898116534139263
1684761582845075	9.87905443168711
1684761582848072	9.908132215088699
1684761582851074	9.913301598804537
1684761582854072	9.887454680225346
1684761582858074	9.914917031215737
1684761582861072	9.888423939672066
1684761582865074	9.893270236905664
1684761582868073	9.902316658408381
1684761582872162	9.908132215088699
1684761582875072	9.912978512322297
1684761582879074	9.913947771769017
1684761582882073	9.888100853189826
1684761582885073	9.87873134520487
1684761582889074	9.900701225997182
1684761582892074	9.700387607008452
1684761582895074	9.902316658408381
1684761582898072	9.901347398961661
1684761582901072	9.894885669316864
1684761582905074	9.890039372083265
1684761582908074	9.911363079911098
1684761582911072	9.90522443674854
1684761582914072	9.90522443674854
1684761582918074	9.908455301570939
1684761582921074	9.891654804494465
1684761582924072	9.872592702042311
1684761582928074	9.90296283137286
1684761582931074	9.90748604212422
1684761582934072	9.9032859178551
1684761582938073	9.894562582834624
1684761582941072	9.880023691133829
1684761582945075	9.843514918640722
1684761582948072	9.901024312479421
1684761582951072	9.902316658408381
1684761582955074	9.901347398961661
1684761582958075	9.90296283137286
1684761582961074	9.842545659194002
1684761582964072	9.87905443168711
1684761582968074	9.901024312479421
1684761582971072	9.901670485443901
1684761582975074	9.901347398961661
1684761582978074	9.90522443674854
1684761582981236	9.896178015245823
1684761582984073	9.90425517730182
1684761582988074	9.90522443674854
1684761582991072	9.911363079911098
1684761582994075	9.805713800218655
1684761582998180	9.901993571926141
1684761583001074	9.892947150423424
1684761583004072	9.881316037062788
1684761583008074	9.720095882425085
1684761583011074	9.900701225997182
1684761583014072	9.9032859178551
1684761583018074	9.90296283137286
1684761583021074	9.897147274692543
1684761583024074	9.885839247814147
1684761583027072	9.90619369619526
1684761583031074	9.908778388053179
1684761583034073	9.910393820464378
1684761583038074	9.910070733982138
1684761583041072	9.901024312479421
1684761583044335	9.9065167826775
1684761583047073	9.912332339357818
1684761583051074	9.912655425840057
1684761583054074	9.911686166393338
1684761583057074	9.914270858251257
1684761583061154	9.900378139514942
1684761583064074	9.866777145361993
1684761583067072	9.854822945519118
1684761583071074	9.90716295564198
1684761583074074	9.9065167826775
1684761583077134	9.916209377144696
1684761583081074	9.543044490157627
1684761583084074	9.890362458565505
1684761583087074	9.910393820464378
1684761583091074	9.909747647499898
1684761583094074	9.81928343247273
1684761583097072	9.916209377144696
1684761583101075	9.911039993428858
1684761583104074	9.894885669316864
1684761583107180	9.9065167826775
1684761583111075	9.910716906946618
1684761583114074	9.912332339357818
1684761583117072	9.912978512322297
1684761583120073	9.87711591279367
1684761583124074	9.880992950580548
1684761583127074	9.902639744890621
1684761583130072	9.908455301570939
1684761583134074	9.908778388053179
1684761583137072	9.909747647499898
1684761583140072	9.902316658408381
1684761583144075	9.880346777616069
1684761583147075	9.901347398961661
1684761583150072	9.900055053032702
1684761583153817	9.90457826378406
1684761583157074	9.90393209081958
1684761583161074	9.891008631529985
1684761583164074	9.90457826378406
1684761583167074	9.90522443674854
1684761583171074	9.911686166393338
1684761583174074	9.90457826378406
1684761583177074	9.90425517730182
1684761583180072	9.90296283137286
1684761583183072	9.872592702042311
1684761583187074	9.90393209081958
1684761583190074	9.909747647499898
1684761583193072	9.908778388053179
1684761583197075	9.911686166393338
1684761583200072	9.899085793585982
1684761583203072	9.880992950580548
1684761583207075	9.896501101728063
1684761583210074	9.900701225997182
1684761583213073	9.910070733982138
1684761583217074	9.909424561017659
1684761583220074	9.90554752323078
1684761583223073	9.896824188210303
1684761583226072	9.90360900433734
1684761583230074	9.901024312479421
1684761583233072	9.716865017602686
1684761583236072	9.90780912860646
1684761583240074	9.909747647499898
1684761583243074	9.90296283137286
1684761583246072	9.897147274692543
1684761583250074	9.900701225997182
1684761583253073	9.909424561017659
1684761583256072	9.909424561017659
1684761583260075	9.90457826378406
1684761583263074	9.868715664255433
1684761583267074	9.9049013502663
1684761583270072	9.909747647499898
1684761583274074	9.911039993428858
1684761583277074	9.902639744890621
1684761583280072	9.898762707103742
1684761583284214	9.894239496352384
1684761583287072	9.899731966550462
1684761583290073	9.90425517730182
1684761583293073	9.90393209081958
1684761583297076	9.909424561017659
1684761583300075	9.90748604212422
1684761583303072	9.867746404808713
1684761583307074	9.901024312479421
1684761583310074	9.900378139514942
1684761583313122	9.908132215088699
1684761583316072	9.910070733982138
1684761583320074	9.9065167826775
1684761583323073	9.886162334296387
1684761583331076	9.90360900433734
1684761583335074	9.910716906946618
1684761583339074	9.908778388053179
1684761583342073	9.893916409870144
1684761583346074	9.859023069788236
1684761583349255	9.899085793585982
1684761583352072	9.911686166393338
1684761583356074	9.796667378715938
1684761583359074	9.900055053032702
1684761583363096	9.886808507260866
1684761583366074	9.891654804494465
1684761583370112	9.899408880068222
1684761583374074	9.779543795157224
1684761583377072	9.902639744890621
1684761583381075	9.889070112636546
1684761583384091	9.893916409870144
1684761583387072	9.900378139514942
1684761583391124	9.9065167826775
1684761583395072	9.908132215088699
1684761583398074	9.902316658408381
1684761583401074	9.891008631529985
1684761583405075	9.894885669316864
1684761583408073	9.899731966550462
1684761583412076	9.90683986915974
1684761583415075	9.899085793585982
1684761583419074	9.9065167826775
1684761583422724	9.901347398961661
1684761583426074	9.884546901885187
1684761583430074	9.892624063941184
1684761583433075	9.910393820464378
1684761583437808	9.908455301570939
1684761583441072	9.886808507260866
1684761583445076	9.886485420778627
1684761583448074	9.90425517730182
1684761583452073	9.902316658408381
1684761583455074	9.90425517730182
1684761583458865	9.910070733982138
1684761583462385	9.865807885915274
1684761583465384	9.881316037062788
1684761583469386	9.901024312479421
1684761583472938	9.908455301570939
1684761583475384	9.90683986915974
1684761583479387	9.902639744890621
1684761583482386	9.866454058879754
1684761583485384	9.901670485443901
1684761583489384	9.902316658408381
1684761583492384	9.900055053032702
1684761583496386	9.899731966550462
1684761583500386	9.9049013502663
1684761583503385	9.84771504290984
1684761583506734	9.90683986915974
1684761583510386	9.90587060971302
1684761583513386	9.90522443674854
1684761583516384	9.90780912860646
1684761583520387	9.912009252875578
1684761583523386	9.885516161331907
1684761583527386	9.90360900433734
1684761583530445	9.901347398961661
1684761583534386	9.90393209081958
1684761583537385	9.9032859178551
1684761583540384	9.9032859178551
1684761583543384	9.884223815402947
1684761583547443	9.90716295564198
1684761583551445	9.914593944733497
1684761583554386	9.913301598804537
1684761583557384	9.881962210027268
1684761583561386	9.868392577773193
1684761583564385	9.867746404808713
1684761583567384	9.900701225997182
1684761583570384	9.901347398961661
1684761583574386	9.910070733982138
1684761583577385	9.911363079911098
1684761583580385	9.898762707103742
1684761583584385	9.882931469473988
1684761583587385	9.901024312479421
1684761583590384	9.90554752323078
1684761583594386	9.909747647499898
1684761583597386	9.911039993428858
1684761583600384	9.90522443674854
1684761583604386	9.870654183148872
1684761583607998	9.90748604212422
1684761583611382	9.800867502985056
1684761583614988	9.911363079911098
1684761583618384	9.908778388053179
1684761583621385	9.901347398961661
1684761583624385	9.869684923702152
1684761583627384	9.890362458565505
1684761583631385	9.901024312479421
1684761583634385	9.9049013502663
1684761583637384	9.908455301570939
1684761583641386	9.857730723859277
1684761583644504	9.87582356686471
1684761583647384	9.898762707103742
1684761583651386	9.9065167826775
1684761583654386	9.90716295564198
1684761583657384	9.90522443674854
1684761583660384	9.899731966550462
1684761583664385	9.898439620621502
1684761583667385	9.895531842281343
1684761583670384	9.909424561017659
1684761583674385	9.910393820464378
1684761583677386	9.87840825872263
1684761583681385	9.767266508832108
1684761583684386	9.893593323387904
1684761583688020	9.90587060971302
1684761583692123	9.901024312479421
1684761583696922	9.900055053032702
1684761583703386	9.898762707103742
1684761583708480	9.90716295564198
1684761583713390	9.909747647499898
1684761583717386	9.908778388053179
1684761583721387	9.87485430741799
1684761583725386	9.897147274692543
1684761583729724	9.908455301570939
1684761583733385	9.375362605875125
1684761583736384	9.90296283137286
1684761583740386	9.908778388053179
1684761583743384	9.822837383777369
1684761583747386	9.90554752323078
1684761583750384	9.922671106789494
1684761583753384	9.908778388053179
1684761583756384	9.912009252875578
1684761583760384	9.898116534139263
1684761583764386	9.892947150423424
1684761583767386	9.90457826378406
1684761583770384	9.909101474535419
1684761583773384	9.909424561017659
1684761583776384	9.911363079911098
1684761583780385	9.899408880068222
1684761583783384	9.868715664255433
1684761583786384	9.901347398961661
1684761583790385	9.909747647499898
1684761583793384	9.9049013502663
1684761583797386	9.901347398961661
1684761583800384	9.900055053032702
1684761583803384	9.869684923702152
1684761583807386	9.908132215088699
1684761583810385	9.921701847342774
1684761583813384	9.90619369619526
1684761583817385	9.902639744890621
1684761583820385	9.901024312479421
1684761583823384	9.90780912860646
1684761583827385	9.9065167826775
1684761583830384	9.908455301570939
1684761583834386	9.902639744890621
1684761583837384	9.901993571926141
1684761583840384	9.798282811127137
1684761583844386	9.870331096666632
1684761583847385	9.899408880068222
1684761583850385	9.9032859178551
1684761583853384	9.90360900433734
1684761583856384	9.900378139514942
1684761583860385	9.898116534139263
1684761583863386	9.880992950580548
1684761583866385	9.896501101728063
1684761583870384	9.897793447657023
1684761583873384	9.90748604212422
1684761583877385	9.9065167826775
1684761583880384	9.90360900433734
1684761583883384	9.87517739390023
1684761583886383	9.900701225997182
1684761583889383	9.9049013502663
1684761583893385	9.90683986915974
1684761583896385	9.9065167826775
1684761583899385	9.901993571926141
1684761583903385	9.891977890976705
1684761583906386	9.902316658408381
1684761583909384	9.897147274692543
1684761583913386	9.90716295564198
1684761583917386	9.908778388053179
1684761583920384	9.90393209081958
1684761583923383	9.886808507260866
1684761583927386	9.898762707103742
1684761583931382	9.908132215088699
1684761583934385	9.778251449228264
1684761583937396	9.90780912860646
1684761583940383	9.90457826378406
1684761583943383	9.879377518169349
1684761583947385	9.902639744890621
1684761583950384	9.90683986915974
1684761583954386	9.90457826378406
1684761583957385	9.90393209081958
1684761583960460	9.87517739390023
1684761583964384	9.87776208575815
1684761583967385	9.897470361174783
1684761583970384	9.912332339357818
1684761583973383	9.912655425840057
1684761583977385	9.90360900433734
1684761583980384	9.887454680225346
1684761583984385	9.871623442595592
1684761583987384	9.90425517730182
1684761583990383	9.90748604212422
1684761583994390	9.912978512322297
1684761583998385	9.885516161331907
1684761584001934	9.900378139514942
1684761584005385	9.894885669316864
1684761584008386	9.901347398961661
1684761584011383	9.902316658408381
1684761584014383	9.897470361174783
1684761584018385	9.90360900433734
1684761584021385	9.888423939672066
1684761584024384	9.900701225997182
1684761584028384	9.9049013502663
1684761584031385	9.90683986915974
1684761584034385	9.90360900433734
1684761584037383	9.901347398961661
1684761584041432	9.897793447657023
1684761584045385	9.892947150423424
1684761584048385	9.897147274692543
1684761584051384	9.90522443674854
1684761584055385	9.882931469473988
1684761584059259	9.90780912860646
1684761584063269	9.67550994787598
1684761584068269	9.899408880068222
1684761584072268	9.891654804494465
1684761584075300	9.889393199118786
1684761584079267	9.901670485443901
1684761584083267	9.887777766707586
1684761584088266	9.894885669316864
1684761584092270	9.895208755799104
1684761584096277	9.884546901885187
1684761584100268	9.902639744890621
1684761584103266	9.888423939672066
1684761584106265	9.898762707103742
1684761584110268	9.90360900433734
1684761584113267	9.899408880068222
1684761584116266	9.888423939672066
1684761584119266	9.895208755799104
1684761584123268	9.856761464412557
1684761584126267	9.888100853189826
1684761584129266	9.90393209081958
1684761584133266	9.90522443674854
1684761584136268	9.90425517730182
1684761584139266	9.898439620621502
1684761584142266	9.838022448442644
1684761584146268	9.887777766707586
1684761584149268	9.895531842281343
1684761584153266	9.895854928763583
1684761584157326	9.896178015245823
1684761584160268	9.893916409870144
1684761584163266	9.889716285601025
1684761584166266	9.890685545047745
1684761584170268	9.90296283137286
1684761584173266	9.90425517730182
1684761584176266	9.9032859178551
1684761584180268	9.896501101728063
1684761584183266	9.558552641305141
1684761584186266	9.899085793585982
1684761584190268	9.902316658408381
1684761584193266	9.90554752323078
1684761584196266	9.698126001632772
1684761584199266	9.895854928763583
1684761584203268	9.889716285601025
1684761584207268	9.912655425840057
1684761584210267	9.90393209081958
1684761584213266	9.908132215088699
1684761584217298	9.912978512322297
1684761584220267	9.908455301570939
1684761584223266	9.889070112636546
1684761584227329	9.899731966550462
1684761584230268	9.901670485443901
1684761584234267	9.87840825872263
1684761584237266	9.910716906946618
1684761584241268	9.900055053032702
1684761584244268	9.896824188210303
1684761584247266	9.899408880068222
1684761584251268	9.873238875006791
1684761584254266	9.886162334296387
1684761584257266	9.910070733982138
1684761584261269	9.854176772554638
1684761584264266	9.884546901885187
1684761584268268	9.900701225997182
1684761584271268	9.861930848128395
1684761584274266	9.892947150423424
1684761584277266	9.902316658408381
1684761584281269	9.886485420778627
1684761584284266	9.84868430235656
1684761584287266	9.90780912860646
1684761584291268	9.894562582834624
1684761584294266	9.870008010184392
1684761584298268	9.908455301570939
1684761584301266	9.879377518169349
1684761584305268	9.863869367021834
1684761584308268	9.908778388053179
1684761584311266	9.882931469473988
1684761584315268	9.870977269631112
1684761584318266	9.90360900433734
1684761584321266	9.861284675163915
1684761584325266	9.87743899927591
1684761584329268	9.90619369619526
1684761584332266	9.889716285601025
1684761584336268	9.880992950580548
1684761584339268	9.9032859178551
1684761584342268	9.888423939672066
1684761584345266	9.84868430235656
1684761584349267	9.908132215088699
1684761584353268	9.879377518169349
1684761584356268	9.902316658408381
1684761584360270	9.909101474535419
1684761584363266	9.892300977458945
1684761584366266	9.883254555956228
1684761584369266	9.911686166393338
1684761584373268	9.870331096666632
1684761584376268	9.896178015245823
1684761584380268	9.910716906946618
1684761584383268	9.888747026154306
1684761584386266	9.87776208575815
1684761584389266	9.901670485443901
1684761584393268	9.894885669316864
1684761584396266	9.900055053032702
1684761584400267	9.90683986915974
1684761584403266	9.884869988367427
1684761584407267	9.90296283137286
1684761584410268	9.912009252875578
1684761584413266	9.838991707889363
1684761584416266	9.90780912860646
1684761584420267	9.908455301570939
1684761584423268	9.869038750737673
1684761584426266	9.87905443168711
1684761584429266	9.90554752323078
1684761584433268	9.900378139514942
1684761584436266	9.908132215088699
1684761584439266	9.917178636591416
1684761584443268	9.896501101728063
1684761584446268	9.893916409870144
1684761584449266	9.90619369619526
1684761584452266	9.879377518169349
1684761584456266	9.900055053032702
1684761584459266	9.913301598804537
1684761584463268	9.880669864098309
1684761584466266	9.90522443674854
1684761584470268	9.909747647499898
1684761584473268	9.895208755799104
1684761584476266	9.912978512322297
1684761584480268	9.908455301570939
1684761584483266	9.87743899927591
1684761584487268	9.897793447657023
1684761584490267	9.908455301570939
1684761584493266	9.887454680225346
1684761584496266	9.90780912860646
1684761584500268	9.918794069002615
1684761584503266	9.87582356686471
1684761584506266	9.898439620621502
1684761584510266	9.912009252875578
1684761584513266	9.899085793585982
1684761584517268	9.9065167826775
1684761584520266	9.900701225997182
1684761584523266	9.861284675163915
1684761584527268	9.90587060971302
1684761584530266	9.90425517730182
1684761584533266	9.883577642438468
1684761584537268	9.90587060971302
1684761584540266	9.90522443674854
1684761584544266	9.87453122093575
1684761584547268	9.897147274692543
1684761584550306	9.90457826378406
1684761584553266	9.853207513107918
1684761584557268	9.891008631529985
1684761584560269	9.901024312479421
1684761584564268	9.860638502199436
1684761584567268	9.900378139514942
1684761584570266	9.909747647499898
1684761584573266	9.854176772554638
1684761584577268	9.911039993428858
1684761584580266	9.90683986915974
1684761584583266	9.87614665334695
1684761584587268	9.900701225997182
1684761584590268	9.911363079911098
1684761584594266	9.84642269698088
1684761584597266	9.909424561017659
1684761584601268	9.910070733982138
1684761584604268	9.883900728920707
1684761584607267	9.898762707103742
1684761584610267	9.913624685286777
1684761584613266	9.865161712950794
1684761584617266	9.908778388053179
1684761584620266	9.90457826378406
1684761584623266	9.835760843066964
1684761584627267	9.908778388053179
1684761584630267	9.910716906946618
1684761584633266	9.867746404808713
1684761584636266	9.888747026154306
1684761584639266	9.914593944733497
1684761584643763	9.865807885915274
1684761584647500	9.901993571926141
1684761584651344	9.879700604651589
1684761584655268	9.87905443168711
1684761584658266	9.912009252875578
1684761584661266	9.87679282631143
1684761584665268	9.863869367021834
1684761584668268	9.901024312479421
1684761584671287	9.893270236905664
1684761584674266	9.862577021092875
1684761584678266	9.90716295564198
1684761584681266	9.886485420778627
1684761584684266	9.87743899927591
1684761584688268	9.901024312479421
1684761584691268	9.862253934610635
1684761584694267	9.84771504290984
1684761584698268	9.90619369619526
1684761584701266	9.887454680225346
1684761584704266	9.87840825872263
1684761584708267	9.913624685286777
1684761584711267	9.887777766707586
1684761584714266	9.87679282631143
1684761584717266	9.915886290662456
1684761584721268	9.915240117697977
1684761584724268	9.867100231844233
1684761584727266	9.912009252875578
1684761584730266	9.916209377144696
1684761584733266	9.90748604212422
1684761584737268	9.90587060971302
1684761584740266	9.90619369619526
1684761584743266	9.889393199118786
1684761584747266	9.899085793585982
1684761584750266	9.909101474535419
1684761584755268	9.879700604651589
1684761584758266	9.908132215088699
1684761584762268	9.867746404808713
1684761584765268	9.853853686072398
1684761584768266	9.90587060971302
1684761584771266	9.902316658408381
1684761584775268	9.885193074849667
1684761584778266	9.913947771769017
1684761584782448	9.884223815402947
1684761584785266	9.885839247814147
1684761584788266	9.90780912860646
1684761584792268	9.867100231844233
1684761584795266	9.882285296509508
1684761584798266	9.917824809555896
1684761584802268	9.87776208575815
1684761584805266	9.87582356686471
1684761584809268	9.913301598804537
1684761584812270	9.883254555956228
1684761584815266	9.887777766707586
1684761584818266	9.918147896038136
1684761584822268	9.881962210027268
1684761584825266	9.886808507260866
1684761584828266	9.90619369619526
1684761584832268	9.896178015245823
1684761584835267	9.90393209081958
1684761584838266	9.912978512322297
1684761584841266	9.890362458565505
1684761584844266	9.882931469473988
1684761584848267	9.910716906946618
1684761584851267	9.87420813445351
1684761584854266	9.896501101728063
1684761584858267	9.917824809555896
1684761584862268	9.891977890976705
1684761584865268	9.890039372083265
1684761584868268	9.90683986915974
1684761584871266	9.879377518169349
1684761584875268	9.873561961489031
1684761584878266	9.919117155484855
1684761584881267	9.868715664255433
1684761584884266	9.885516161331907
1684761584888268	9.910716906946618
1684761584891267	9.911039993428858
1684761584894266	9.909424561017659
1684761584897266	9.910716906946618
1684761584901268	9.882931469473988
1684761584904266	9.893593323387904
1684761584908268	9.90683986915974
1684761584911266	9.885839247814147
1684761584914266	9.861930848128395
1684761584918268	9.921378760860534
1684761584921268	9.919440241967095
1684761584924268	9.889716285601025
1684761584927266	9.916532463626936
1684761584931268	9.917824809555896
1684761584934268	9.87905443168711
1684761584937266	9.912655425840057
1684761584941268	9.916855550109176
1684761584944268	9.880023691133829
1684761584947267	9.919763328449335
1684761584950266	9.914917031215737
1684761584954266	9.864515539986314
1684761584957266	9.924609625682933
1684761584961326	9.896501101728063
1684761584964266	9.894562582834624
1684761584967266	9.914593944733497
1684761584970266	9.916209377144696
1684761584974268	9.914917031215737
1684761584977266	9.917501723073656
1684761584980266	9.914270858251257
1684761584984267	9.897793447657023
1684761584987266	9.913947771769017
1684761584990266	9.911686166393338
1684761584994268	9.896501101728063
1684761584997281	9.918794069002615
1684761585001353	9.865807885915274
1684761585004267	9.899408880068222
1684761585008376	9.910716906946618
1684761585011266	9.891654804494465
1684761585015267	9.90554752323078
1684761585018267	9.921701847342774
1684761585021266	9.9065167826775
1684761585024266	9.889393199118786
1684761585028268	9.910716906946618
1684761585031268	9.9032859178551
1684761585034266	9.884869988367427
1684761585037266	9.913301598804537
1684761585040266	9.911363079911098
1684761585044267	9.914917031215737
1684761585047266	9.919117155484855
1684761585050266	9.922994193271734
1684761585054269	9.899085793585982
1684761585058269	9.917178636591416
1684761585061266	9.895854928763583
1684761585064266	9.889070112636546
1684761585068268	9.919440241967095
1684761585071266	9.890685545047745
1684761585074266	9.908778388053179
1684761585078268	9.914593944733497
1684761585081266	9.90683986915974
1684761585084266	9.890039372083265
1684761585088268	9.918794069002615
1684761585091268	9.879377518169349
1684761585094266	9.90522443674854
1684761585097266	9.921701847342774
1684761585100266	9.922671106789494
1684761585104268	9.888747026154306
1684761585107266	9.912655425840057
1684761585110266	9.913624685286777
1684761585114323	9.883254555956228
1684761585117267	9.922024933825014
1684761585120596	9.921055674378294
1684761585124269	9.881316037062788
1684761585127266	9.922994193271734
1684761585131269	9.930102095881011
1684761585134268	9.87776208575815
1684761585137268	9.923640366236214
1684761585140266	9.926548144576373
1684761585144267	9.90619369619526
1684761585147268	9.920086414931575
1684761585150268	9.919117155484855
1684761585153266	9.884869988367427
1684761585157268	9.919440241967095
1684761585160268	9.923317279753974
1684761585163266	9.896178015245823
1684761585166266	9.911686166393338
1684761585170268	9.919440241967095
1684761585173266	9.911686166393338
1684761585177267	9.918794069002615
1684761585180268	9.929455922916532
1684761585183266	9.891008631529985
1684761585187268	9.916532463626936
1684761585190268	9.920732587896055
1684761585193266	9.909747647499898
1684761585196266	9.894885669316864
1684761585200268	9.923640366236214
1684761585203268	9.90457826378406
1684761585206268	9.882608382991748
1684761585209266	9.925901971611893
1684761585212266	9.909101474535419
1684761585216266	9.901024312479421
1684761585219266	9.924609625682933
1684761585222266	9.891977890976705
1684761585226268	9.90522443674854
1684761585229266	9.915240117697977
1684761585233268	9.898439620621502
1684761585236266	9.899408880068222
1684761585239266	9.919117155484855
1684761585243268	9.900378139514942
1684761585246266	9.90457826378406
1684761585249266	9.918470982520375
1684761585253267	9.891977890976705
1684761585256267	9.90360900433734
1684761585259266	9.926871231058612
1684761585263268	9.892624063941184
1684761585266266	9.899408880068222
1684761585269266	9.914270858251257
1684761585273326	9.898439620621502
1684761585276268	9.894562582834624
1684761585279268	9.927840490505332
1684761585283268	9.881316037062788
1684761585286268	9.916209377144696
1684761585289268	9.923963452718453
1684761585292288	9.901347398961661
1684761585296268	9.902316658408381
1684761585299266	9.926548144576373
1684761585303267	9.891331718012225
1684761585306268	9.902639744890621
1684761585309287	9.918147896038136
1684761585313267	9.90360900433734
1684761585316267	9.90393209081958
1684761585319266	9.920732587896055
1684761585325383	9.920732587896055
1684761585332268	9.913301598804537
1684761585336268	9.9065167826775
1684761585340269	9.896824188210303
1684761585345268	9.893916409870144
1684761585349269	9.917178636591416
1684761585353268	9.894239496352384
1684761585359269	9.922024933825014
1684761585363268	9.884869988367427
1684761585367268	9.913947771769017
1684761585370276	9.926225058094133
1684761585373266	9.896501101728063
1684761585377268	9.920732587896055
1684761585380266	9.929455922916532
1684761585383266	9.884546901885187
1684761585387268	9.916855550109176
1684761585390266	9.928809749952052
1684761585394268	9.924609625682933
1684761585397267	9.923963452718453
1684761585400266	9.926871231058612
1684761585403266	9.901024312479421
1684761585407268	9.909424561017659
1684761585410268	9.922348020307254
1684761585413266	9.873238875006791
1684761585416266	9.912009252875578
1684761585419266	9.922348020307254
1684761585423326	9.884223815402947
1684761585426266	9.914593944733497
1684761585429266	9.925901971611893
1684761585433268	9.908778388053179
1684761585436268	9.920409501413815
1684761585439266	9.921055674378294
1684761585443269	9.87420813445351
1684761585446268	9.887131593743106
1684761585449266	9.917824809555896
1684761585452266	9.910716906946618
1684761585456269	9.895208755799104
1684761585459268	9.920732587896055
1684761585462266	9.900055053032702
1684761585466268	9.888747026154306
1684761585469583	9.926548144576373
1684761585472266	9.87808517224039
1684761585476268	9.908132215088699
1684761585479266	9.921378760860534
1684761585482266	9.862577021092875
1684761585486268	9.889393199118786
1684761585489266	9.921378760860534
1684761585492267	9.902316658408381
1684761585495266	9.893593323387904
1684761585499268	9.928809749952052
1684761585502267	9.891331718012225
1684761585505267	9.90296283137286
1684761585508266	9.921378760860534
1684761585512268	9.886162334296387
1684761585515266	9.897470361174783
1684761585518266	9.929132836434292
1684761585522268	9.902639744890621
1684761585525268	9.900378139514942
1684761585528266	9.916532463626936
1684761585532330	9.90425517730182
1684761585535268	9.881962210027268
1684761585538266	9.918794069002615
1684761585541266	9.888100853189826
1684761585545268	9.885516161331907
1684761585548266	9.926871231058612
1684761585551266	9.916855550109176
1684761585554266	9.896824188210303
1684761585557266	9.922671106789494
1684761585561267	9.892300977458945
1684761585565267	9.893270236905664
1684761585568268	9.917178636591416
1684761585571266	9.90393209081958
1684761585575269	9.898116534139263
1684761585578266	9.925255798647413
1684761585582268	9.886162334296387
1684761585585266	9.896178015245823
1684761585588266	9.924609625682933
1684761585591266	9.925901971611893
1684761585595266	9.898439620621502
1684761585598266	9.924609625682933
1684761585601266	9.879700604651589
1684761585605268	9.90780912860646
1684761585608266	9.930748268845491
1684761585611266	9.922348020307254
1684761585615268	9.912009252875578
1684761585618268	9.93365604718565
1684761585621266	9.913301598804537
1684761585624266	9.916532463626936
1684761585628268	9.915240117697977
1684761585631268	9.916209377144696
1684761585634266	9.884546901885187
1684761585637266	9.921055674378294
1684761585641268	9.925578885129653
1684761585644268	9.899408880068222
1684761585647266	9.930425182363251
1684761585650266	9.93139444180997
1684761585653266	9.901024312479421
1684761585657268	9.918794069002615
1684761585660268	9.936563825525809
1684761585663266	9.908778388053179
1684761585666266	9.912332339357818
1684761585670269	9.924932712165173
1684761585673268	9.90683986915974
1684761585676266	9.915240117697977
1684761585680268	9.93397913366789
1684761585683269	9.913947771769017
1684761585686266	9.912009252875578
1684761585689266	9.927194317540852
1684761585693268	9.900378139514942
1684761585696266	9.90748604212422
1684761585699266	9.925578885129653
1684761585702266	9.894239496352384
1684761585706268	9.90457826378406
1684761585709268	9.923963452718453
1684761585712266	9.911039993428858
1684761585715266	9.885516161331907
1684761585718266	9.926871231058612
1684761585722268	9.916855550109176
1684761585725266	9.912009252875578
1684761585728266	9.93139444180997
1684761585732268	9.917178636591416
1684761585735268	9.916209377144696
1684761585738266	9.926548144576373
1684761585741266	9.914593944733497
1684761585745268	9.889716285601025
1684761585748266	9.93300987422117
1684761585751266	9.920086414931575
1684761585755268	9.90587060971302
1684761585758268	9.93397913366789
1684761585761266	9.926225058094133
1684761585764267	9.894562582834624
1684761585768329	9.922348020307254
1684761585771268	9.923963452718453
1684761585774363	9.927840490505332
1684761585778268	9.922994193271734
1684761585781266	9.908455301570939
1684761585785327	9.90619369619526
1684761585789221	9.93333296070341
1684761585792268	9.923317279753974
1684761585795266	9.909424561017659
1684761585799268	9.927517404023092
1684761585802268	9.884223815402947
1684761585805266	9.895531842281343
1684761585808266	9.93171752829221
1684761585812267	9.923963452718453
1684761585815268	9.895854928763583
1684761585818266	9.928163576987572
1684761585821266	9.87679282631143
1684761585825274	9.911363079911098
1684761585828266	9.914270858251257
1684761585831268	9.885839247814147
1684761585834266	9.917178636591416
1684761585837266	9.93139444180997
1684761585841268	9.916532463626936
1684761585844266	9.895854928763583
1684761585847266	9.93268678773893
1684761585851268	9.938502344419248
1684761585854268	9.929779009398771
1684761585857266	9.938502344419248
1684761585860268	9.937856171454769
1684761585864269	9.922024933825014
1684761585868053	9.919440241967095
1684761585871999	9.910716906946618
1684761585876268	9.924609625682933
1684761585879268	9.93430222015013
1684761585882266	9.922024933825014
1684761585886270	9.887454680225346
1684761585889272	9.929132836434292
1684761585892266	9.899408880068222
1684761585896584	9.913624685286777
1684761585899268	9.936886912008049
1684761585902266	9.897470361174783
1684761585906268	9.920732587896055
1684761585909268	9.928809749952052
1684761585912266	9.915240117697977
1684761585916268	9.898762707103742
1684761585919266	9.939471603865968
1684761585922266	9.9049013502663
1684761585926268	9.912332339357818
1684761585929267	9.926871231058612
1684761585932266	9.925901971611893
1684761585935266	9.921378760860534
1684761585939269	9.931071355327731
1684761585942268	9.914270858251257
1684761585945266	9.910393820464378
1684761585948266	9.93527147959685
1684761585952268	9.930425182363251
1684761585955266	9.891977890976705
1684761585958266	9.929779009398771
1684761585962268	9.921378760860534
1684761585965268	9.921378760860534
1684761585968268	9.930102095881011
1684761585971266	9.920086414931575
1684761585974266	9.913947771769017
1684761585978268	9.939148517383728
1684761585981266	9.9032859178551
1684761585984266	9.919117155484855
1684761585988268	9.929455922916532
1684761585991268	9.928809749952052
1684761585994266	9.902316658408381
1684761585997266	9.93171752829221
1684761586001268	9.937533084972529
1684761586004268	9.899731966550462
1684761586007266	9.924932712165173
1684761586011268	9.93204061477445
1684761586014267	9.888423939672066
1684761586017266	9.939794690348208
1684761586021268	9.940117776830448
1684761586024268	9.882931469473988
1684761586027266	9.927194317540852
1684761586031268	9.93365604718565
1684761586034268	9.883900728920707
1684761586037266	9.93430222015013
1684761586040266	9.93430222015013
1684761586043266	9.898116534139263
1684761586047269	9.93559456607909
1684761586050266	9.93397913366789
1684761586054268	9.911363079911098
1684761586057266	9.938825430901488
1684761586061268	9.908132215088699
1684761586064266	9.886162334296387
1684761586067266	9.939794690348208
1684761586071268	9.948841111850925
1684761586074267	9.942702468688367
1684761586077266	9.940763949794928
1684761586080266	9.945610247028526
1684761586084267	9.893916409870144
1684761586087266	9.929779009398771
1684761586091266	9.948841111850925
1684761586094268	9.926548144576373
1684761586097266	9.923640366236214
1684761586100266	9.945287160546286
1684761586104268	9.917501723073656
1684761586107266	9.93397913366789
1684761586110266	9.941733209241647
1684761586113266	9.914917031215737
1684761586117266	9.93171752829221
1684761586120268	9.947225679439725
1684761586123266	9.90748604212422
1684761586127267	9.928809749952052
1684761586130266	9.943994814617326
1684761586134268	9.914917031215737
1684761586137268	9.93430222015013
1684761586140266	9.93430222015013
1684761586144268	9.920732587896055
1684761586147266	9.93527147959685
1684761586150266	9.942379382206127
1684761586153266	9.908132215088699
1684761586157268	9.930102095881011
1684761586160268	9.93494839311461
1684761586163266	9.890039372083265
1684761586167268	9.922348020307254
1684761586170267	9.93559456607909
1684761586173266	9.914593944733497
1684761586176266	9.921055674378294
1684761586180268	9.941733209241647
1684761586183281	9.884223815402947
1684761586186266	9.90619369619526
1684761586190268	9.938502344419248
1684761586193266	9.899731966550462
1684761586196266	9.924286539200693
1684761586200268	9.93300987422117
1684761586203267	9.891008631529985
1684761586206266	9.917178636591416
1684761586210268	9.938825430901488
1684761586213761	9.90683986915974
1684761586217268	9.921055674378294
1684761586220269	9.93430222015013
1684761586223266	9.913947771769017
1684761586226266	9.919763328449335
1684761586230267	9.93268678773893
1684761586233266	9.931071355327731
1684761586236266	9.900378139514942
1684761586240267	9.940117776830448
1684761586243266	9.913624685286777
1684761586246266	9.90716295564198
1684761586249266	9.938502344419248
1684761586253266	9.892300977458945
1684761586256268	9.920409501413815
1684761586259266	9.942702468688367
1684761586263268	9.919117155484855
1684761586266267	9.914593944733497
1684761586269268	9.93462530663237
1684761586272266	9.873885047971271
1684761586276332	9.911686166393338
1684761586279266	9.93559456607909
1684761586283268	9.909747647499898
1684761586286266	9.884869988367427
1684761586289266	9.93462530663237
1684761586292362	9.912978512322297
1684761586296268	9.918470982520375
1684761586299268	9.945287160546286
1684761586302266	9.917178636591416
1684761586305266	9.914917031215737
1684761586309268	9.93204061477445
1684761586312269	9.895531842281343
1684761586315266	9.90780912860646
1684761586319268	9.945933333510766
1684761586323051	9.93204061477445
1684761586331270	9.93559456607909
1684761586336268	9.93300987422117
1684761586340266	9.93300987422117
1684761586344279	9.925578885129653
1684761586348268	9.93139444180997
1684761586351267	9.93494839311461
1684761586354266	9.922348020307254
1684761586357266	9.944317901099566
1684761586361267	9.917501723073656
1684761586364266	9.909101474535419
1684761586367266	9.93559456607909
1684761586371268	9.93300987422117
1684761586374266	9.916209377144696
1684761586377266	9.942702468688367
1684761586381267	9.941733209241647
1684761586384268	9.919117155484855
1684761586387371	9.937533084972529
1684761586390266	9.936886912008049
1684761586394268	9.914917031215737
1684761586397268	9.930748268845491
1684761586400266	9.938825430901488
1684761586404267	9.9032859178551
1684761586407266	9.928809749952052
1684761586410266	9.93236370125669
1684761586414268	9.885516161331907
1684761586417784	9.939794690348208
1684761586420266	9.941733209241647
1684761586424267	9.911363079911098
1684761586427268	9.926548144576373
1684761586430267	9.940440863312688
1684761586433350	9.912009252875578
1684761586437268	9.928486663469812
1684761586440268	9.93397913366789
1684761586443266	9.90522443674854
1684761586447268	9.929779009398771
1684761586450266	9.939794690348208
1684761586454268	9.912655425840057
1684761586457268	9.940763949794928
1684761586460267	9.941410122759407
1684761586463266	9.891331718012225
1684761586466556	9.93462530663237
1684761586470268	9.93559456607909
1684761586473266	9.930425182363251
1684761586476266	9.930425182363251
1684761586480267	9.942702468688367
1684761586483266	9.922994193271734
1684761586487268	9.90619369619526
1684761586490267	9.93268678773893
1684761586493266	9.900701225997182
1684761586497268	9.93527147959685
1684761586500267	9.93365604718565
1684761586503266	9.911686166393338
1684761586507268	9.921055674378294
1684761586510267	9.93624073904357
1684761586513266	9.925578885129653
1684761586516266	9.922348020307254
1684761586520268	9.950133457779884
1684761586523267	9.914593944733497
1684761586526266	9.922994193271734
1684761586530268	9.943348641652847
1684761586533266	9.918794069002615
1684761586536266	9.944317901099566
1684761586540268	9.948841111850925
1684761586543268	9.891654804494465
1684761586546422	9.923317279753974
1684761586549266	9.937209998490289
1684761586553268	9.927840490505332
1684761586556267	9.941087036277167
1684761586559266	9.947871852404205
1684761586564268	9.912655425840057
1684761586567266	9.937209998490289
1684761586570266	9.946902592957485
1684761586574268	9.911363079911098
1684761586577267	9.941733209241647
1684761586581268	9.938825430901488
1684761586584268	9.921701847342774
1684761586587266	9.93624073904357
1684761586591276	9.913947771769017
1684761586594266	9.898762707103742
1684761586597266	9.942379382206127
1684761586601268	9.943348641652847
1684761586604266	9.919763328449335
1684761586607266	9.943025555170607
1684761586610266	9.939471603865968
1684761586614268	9.93527147959685
1684761586617266	9.945933333510766
1684761586621268	9.941410122759407
1684761586624288	9.90457826378406
1684761586627266	9.937533084972529
1684761586630266	9.942056295723887
1684761586634268	9.886162334296387
1684761586637268	9.912332339357818
1684761586640426	9.93494839311461
1684761586644267	9.915563204180216
1684761586647268	9.93430222015013
1684761586650266	9.936563825525809
1684761586654268	9.90619369619526
1684761586657267	9.943994814617326
1684761586660266	9.943025555170607
1684761586664268	9.914917031215737
1684761586667266	9.931071355327731
1684761586670266	9.942379382206127
1684761586674268	9.911363079911098
1684761586677267	9.941410122759407
1684761586680266	9.940763949794928
1684761586684267	9.90619369619526
1684761586687286	9.926548144576373
1684761586690266	9.93462530663237
1684761586693266	9.90748604212422
1684761586697267	9.923317279753974
1684761586700268	9.93591765256133
1684761586703268	9.915563204180216
1684761586706266	9.87646973982919
1684761586709266	9.93397913366789
1684761586713268	9.937856171454769
1684761586716268	9.924286539200693
1684761586719266	9.945287160546286
1684761586723266	9.927194317540852
1684761586726266	9.922671106789494
1684761586730268	9.943348641652847
1684761586733268	9.924286539200693
1684761586736266	9.925578885129653
1684761586739266	9.938179257937009
1684761586743268	9.901670485443901
1684761586746266	9.914917031215737
1684761586750267	9.936886912008049
1684761586753268	9.885516161331907
1684761586756266	9.923963452718453
1684761586759266	9.936886912008049
1684761586763268	9.912009252875578
1684761586766268	9.880992950580548
1684761586769266	9.944317901099566
1684761586772266	9.899408880068222
1684761586776268	9.890362458565505
1684761586779266	9.944640987581806
1684761586783267	9.917178636591416
1684761586786266	9.90619369619526
1684761586789266	9.93494839311461
1684761586793268	9.900701225997182
1684761586796266	9.923317279753974
1684761586799266	9.947871852404205
1684761586803268	9.918794069002615
1684761586806266	9.901993571926141
1684761586809266	9.93494839311461
1684761586813268	9.929455922916532
1684761586816268	9.898439620621502
1684761586819266	9.938825430901488
1684761586822266	9.914593944733497
1684761586826268	9.910070733982138
1684761586829268	9.941087036277167
1684761586832266	9.90748604212422
1684761586836268	9.915563204180216
1684761586839268	9.936886912008049
1684761586842268	9.915563204180216
1684761586845266	9.912655425840057
1684761586848266	9.93365604718565
1684761586852268	9.93462530663237
1684761586855267	9.919117155484855
1684761586858266	9.941733209241647
1684761586862268	9.901993571926141
1684761586865268	9.887454680225346
1684761586868266	9.930748268845491
1684761586871266	9.919440241967095
1684761586875266	9.914270858251257
1684761586879267	9.943994814617326
1684761586882269	9.922994193271734
1684761586885266	9.901024312479421
1684761586889268	9.93204061477445
1684761586892266	9.921378760860534
1684761586895266	9.898762707103742
1684761586899267	9.944317901099566
1684761586902266	9.910070733982138
1684761586905266	9.909424561017659
1684761586909268	9.940763949794928
1684761586912266	9.925901971611893
1684761586916268	9.90554752323078
1684761586919267	9.940440863312688
1684761586922266	9.929779009398771
1684761586925266	9.911363079911098
1684761586928927	9.930748268845491
1684761586931926	9.915886290662456
1684761586935927	9.90360900433734
1684761586938926	9.942379382206127
1684761586942985	9.920732587896055
1684761586945926	9.914270858251257
1684761586948925	9.939148517383728
1684761586952927	9.929132836434292
1684761586955927	9.921701847342774
1684761586958926	9.943671728135087
1684761586961926	9.927840490505332
1684761586964925	9.908132215088699
1684761586968927	9.93527147959685
1684761586971925	9.915563204180216
1684761586974926	9.909424561017659
1684761586978927	9.947225679439725
1684761586981928	9.923640366236214
1684761586984926	9.915563204180216
1684761586987926	9.940763949794928
1684761586991928	9.93204061477445
1684761586994926	9.895854928763583
1684761586998927	9.946256419993006
1684761587001927	9.93139444180997
1684761587005927	9.900378139514942
1684761587008925	9.939794690348208
1684761587011925	9.93624073904357
1684761587015926	9.927840490505332
1684761587018927	9.949810371297644
1684761587021925	9.884546901885187
1684761587025927	9.922994193271734
1684761587028927	9.93624073904357
1684761587031925	9.90683986915974
1684761587035927	9.931071355327731
1684761587038927	9.940117776830448
1684761587041925	9.922671106789494
1684761587045925	9.910070733982138
1684761587048926	9.941733209241647
1684761587052926	9.920086414931575
1684761587055926	9.899408880068222
1684761587058926	9.93333296070341
1684761587062927	9.894885669316864
1684761587065926	9.919117155484855
1684761587069532	9.93494839311461
1684761587072927	9.871946529077832
1684761587075925	9.910393820464378
1684761587078925	9.93236370125669
1684761587081926	9.916209377144696
1684761587085988	9.920732587896055
1684761587089926	9.937856171454769
1684761587093927	9.915240117697977
1684761587097133	9.911363079911098
1684761587099926	9.929779009398771
1684761587103927	9.897793447657023
1684761587106926	9.93527147959685
1684761587110927	9.93591765256133
1684761587113927	9.897793447657023
1684761587116925	9.921378760860534
1684761587119926	9.93139444180997
1684761587123930	9.926548144576373
1684761587126925	9.912009252875578
1684761587129926	9.93559456607909
1684761587133927	9.920409501413815
1684761587136925	9.90683986915974
1684761587139925	9.936886912008049
1684761587143925	9.900055053032702
1684761587146925	9.927194317540852
1684761587149925	9.93139444180997
1684761587153926	9.920409501413815
1684761587156925	9.938179257937009
1684761587160926	9.937856171454769
1684761587164926	9.919440241967095
1684761587167926	9.928486663469812
1684761587170926	9.938825430901488
1684761587173925	9.919440241967095
1684761587176925	9.931071355327731
1684761587180928	9.93397913366789
1684761587183926	9.892624063941184
1684761587186926	9.923640366236214
1684761587190928	9.93171752829221
1684761587193926	9.902316658408381
1684761587196926	9.917501723073656
1684761587199925	9.937209998490289
1684761587202925	9.922671106789494
1684761587205925	9.898116534139263
1684761587209928	9.937209998490289
1684761587213121	9.90296283137286
1684761587216927	9.93365604718565
1684761587219927	9.943671728135087
1684761587222925	9.909101474535419
1684761587226927	9.916532463626936
1684761587229927	9.93624073904357
1684761587232926	9.93204061477445
1684761587235925	9.922024933825014
1684761587239927	9.939148517383728
1684761587242927	9.910716906946618
1684761587245925	9.893270236905664
1684761587248925	9.93624073904357
1684761587252927	9.90360900433734
1684761587255928	9.919117155484855
1684761587258926	9.943025555170607
1684761587261926	9.910393820464378
1684761587264926	9.920409501413815
1684761587268927	9.940117776830448
1684761587271925	9.928163576987572
1684761587274926	9.925578885129653
1684761587278927	9.939794690348208
1684761587281925	9.917824809555896
1684761587284926	9.914270858251257
1684761587288926	9.93624073904357
1684761587291935	9.917824809555896
1684761587294925	9.90296283137286
1684761587298927	9.944317901099566
1684761587301925	9.93204061477445
1684761587304925	9.912332339357818
1684761587308927	9.93204061477445
1684761587311929	9.922024933825014
1684761587314925	9.900701225997182
1684761587318927	9.943025555170607
1684761587321927	9.87743899927591
1684761587324925	9.930425182363251
1684761587332928	9.887454680225346
1684761587336926	9.940763949794928
1684761587340927	9.921701847342774
1684761587344926	9.914917031215737
1684761587348926	9.938502344419248
1684761587352927	9.901670485443901
1684761587356928	9.921701847342774
1684761587360928	9.938502344419248
1684761587364926	9.929455922916532
1684761587367926	9.93204061477445
1684761587372927	9.909101474535419
1684761587375927	9.917824809555896
1684761587378926	9.944317901099566
1684761587381925	9.922994193271734
1684761587385927	9.894239496352384
1684761587388926	9.93171752829221
1684761587391926	9.912978512322297
1684761587394926	9.897470361174783
1684761587398928	9.937209998490289
1684761587401926	9.922994193271734
1684761587404926	9.908132215088699
1684761587408927	9.938502344419248
1684761587411926	9.925255798647413
1684761587414925	9.897470361174783
1684761587418927	9.944964074064046
1684761587421926	9.898762707103742
1684761587424926	9.900378139514942
1684761587428927	9.93333296070341
1684761587432500	9.929779009398771
1684761587435927	9.922994193271734
1684761587438926	9.93591765256133
1684761587441926	9.908132215088699
1684761587445926	9.922994193271734
1684761587448982	9.93527147959685
1684761587451925	9.929779009398771
1684761587455927	9.910716906946618
1684761587458925	9.938502344419248
1684761587461925	9.921701847342774
1684761587465926	9.909424561017659
1684761587468927	9.940763949794928
1684761587471926	9.93171752829221
1684761587474925	9.892624063941184
1684761587478927	9.938825430901488
1684761587481925	9.928163576987572
1684761587485927	9.922348020307254
1684761587488927	9.941410122759407
1684761587491926	9.920732587896055
1684761587495926	9.912978512322297
1684761587498927	9.937856171454769
1684761587501925	9.896501101728063
1684761587504926	9.896178015245823
1684761587507925	9.93527147959685
1684761587511927	9.919763328449335
1684761587514926	9.90522443674854
1684761587517925	9.93624073904357
1684761587521927	9.917178636591416
1684761587524926	9.908778388053179
1684761587527926	9.93171752829221
1684761587530926	9.93300987422117
1684761587534927	9.913947771769017
1684761587537927	9.938825430901488
1684761587540926	9.925255798647413
1684761587544926	9.901347398961661
1684761587547925	9.937856171454769
1684761587551928	9.923640366236214
1684761587554926	9.929779009398771
1684761587558450	9.93494839311461
1684761587560926	9.894239496352384
1684761587564927	9.893593323387904
1684761587567925	9.936563825525809
1684761587570926	9.943348641652847
1684761587574927	9.90619369619526
1684761587577926	9.924932712165173
1684761587581927	9.897470361174783
1684761587584927	9.880346777616069
1684761587587926	9.938502344419248
1684761587590925	9.942702468688367
1684761587594927	9.900378139514942
1684761587597926	9.93171752829221
1684761587600925	9.93300987422117
1684761587604927	9.915563204180216
1684761587607926	9.930425182363251
1684761587610925	9.939794690348208
1684761587613925	9.922994193271734
1684761587617927	9.929779009398771
1684761587620926	9.939794690348208
1684761587624927	9.886808507260866
1684761587627926	9.93300987422117
1684761587630926	9.942056295723887
1684761587633925	9.923963452718453
1684761587636926	9.937533084972529
1684761587640927	9.93204061477445
1684761587643927	9.898439620621502
1684761587646925	9.925578885129653
1684761587649926	9.93268678773893
1684761587653927	9.923317279753974
1684761587657928	9.928809749952052
1684761587660926	9.940763949794928
1684761587663925	9.919117155484855
1684761587667925	9.928163576987572
1684761587670926	9.93397913366789
1684761587673926	9.912332339357818
1684761587677927	9.924609625682933
1684761587680927	9.93527147959685
1684761587683926	9.913624685286777
1684761587686925	9.901993571926141
1684761587690927	9.943025555170607
1684761587693925	9.925901971611893
1684761587696926	9.928163576987572
1684761587700927	9.93591765256133
1684761587703925	9.919117155484855
1684761587706925	9.93462530663237
1684761587709926	9.942379382206127
1684761587713925	9.917501723073656
1684761587716925	9.897793447657023
1684761587720927	9.943671728135087
1684761587723926	9.917824809555896
1684761587726929	9.922671106789494
1684761587729925	9.93527147959685
1684761587734014	9.914917031215737
1684761587737927	9.93462530663237
1684761587740926	9.940763949794928
1684761587744928	9.922024933825014
1684761587747925	9.927517404023092
1684761587750925	9.93494839311461
1684761587754927	9.909747647499898
1684761587757926	9.940763949794928
1684761587760925	9.940763949794928
1684761587763926	9.918470982520375
1684761587768985	9.929132836434292
1684761587771926	9.910716906946618
1684761587774926	9.928163576987572
1684761587778925	9.937209998490289
1684761587781925	9.90683986915974
1684761587784925	9.921055674378294
1684761587788927	9.928163576987572
1684761587791926	9.888100853189826
1684761587794925	9.926225058094133
1684761587797926	9.93624073904357
1684761587801928	9.90554752323078
1684761587804927	9.899085793585982
1684761587807926	9.938502344419248
1684761587810925	9.943025555170607
1684761587814927	9.921701847342774
1684761587817926	9.940117776830448
1684761587820925	9.93494839311461
1684761587823925	9.919117155484855
1684761587827927	9.913301598804537
1684761587830925	9.941410122759407
1684761587833925	9.90457826378406
1684761587836925	9.93268678773893
1684761587840927	9.940117776830448
1684761587843925	9.910716906946618
1684761587846925	9.923963452718453
1684761587850927	9.93139444180997
1684761587853926	9.890685545047745
1684761587856926	9.937533084972529
1684761587860927	9.93171752829221
1684761587863926	9.918794069002615
1684761587866925	9.920086414931575
1684761587870926	9.941087036277167
1684761587873926	9.880992950580548
1684761587877927	9.926871231058612
1684761587880927	9.93171752829221
1684761587883927	9.920409501413815
1684761587887928	9.927194317540852
1684761587890926	9.938825430901488
1684761587893925	9.896501101728063
1684761587897927	9.923640366236214
1684761587900989	9.940117776830448
1684761587903925	9.918470982520375
1684761587907927	9.93591765256133
1684761587911126	9.93494839311461
1684761587913926	9.9049013502663
1684761587917927	9.936563825525809
1684761587920926	9.941410122759407
1684761587923925	9.897470361174783
1684761587927927	9.923317279753974
1684761587930928	9.937209998490289
1684761587933926	9.921701847342774
1684761587936926	9.93139444180997
1684761587940927	9.93462530663237
1684761587943926	9.921378760860534
1684761587947927	9.930425182363251
1684761587950926	9.937856171454769
1684761587953925	9.923963452718453
1684761587956988	9.938179257937009
1684761587960927	9.93527147959685
1684761587963925	9.891331718012225
1684761587966925	9.927194317540852
1684761587970927	9.93171752829221
1684761587973926	9.892947150423424
1684761587976926	9.93591765256133
1684761587980927	9.941410122759407
1684761587983927	9.919763328449335
1684761587986927	9.922348020307254
1684761587990927	9.930748268845491
1684761587993926	9.915240117697977
1684761587996925	9.93139444180997
1684761588000927	9.936563825525809
1684761588003926	9.87646973982919
1684761588007928	9.931071355327731
1684761588010926	9.93397913366789
1684761588013925	9.914270858251257
1684761588017926	9.922994193271734
